1
16
18
24
24
26
26
31
44
49
50
56
72
74
80
96
101
124
138
140
187
195
204
217
227
230
230
242
259
330
336
339
341
358
358
362
364
365
368
369
383
385
420
435
437
442
444
447
455
466
488
506
507
512
535
543
572
582
599
604
617
626
632
634
634
646
654
655
665
702
708
712
720
725
733
739
757
776
786
809
818
822
829
831
843
853
868
869
892
900
901
913
914
919
920
928
933
934
937
970
976
978
982
1028
1030
1044
1053
1053
1060
1074
1076
1096
1104
1105
1112
1119
1120
1126
1143
1149
1150
1180
1187
1215
1215
1228
1237
1240
1249
1255
1260
1294
1298
1317
1319
1325
1330
1344
1349
1373
1380
1381
1401
1419
1440
1443
1446
1450
1458
1470
1485
1490
1497
1498
1508
1514
1520
1522
1539
1554
1562
1573
1577
1579
1581
1586
1611
1620
1632
1642
1648
1653
1666
1667
1674
1685
1690
1720
1731
1736
1754
1768
1780
1783
1787
1787
1792
1812
1828
1838
1838
1859
1860
1861
1863
1873
1884
1889
1901
1951
1958
1982
1982
1990
1993
2002
2027
2038
2051
2064
2077
2081
2081
2090
2120
2123
2124
2139
2143
2143
2149
2153
2155
2163
2164
2180
2184
2184
2195
2204
2230
2258
2261
2266
2272
2275
2304
2335
2341
2371
2372
2377
2383
2399
2414
2417
2424
2437
2450
2450
2477
2487
2508
2564
2569
2578
2579
2590
2592
2596
2600
2604
2606
2640
2655
2666
2677
2689
2701
2711
2733
2741
2743
2754
2764
2765
2795
2810
2824
2830
2869
2890
2897
2911
2931
2931
2945
2946
2995
3001
3027
3033
3035
3044
3066
3070
3073
3098
3099
3109
3114
3115
3117
3129
3151
3160
3216
3218
3267
3298
3300
3329
3330
3336
3344
3348
3375
3378
3384
3390
3413
3415
3436
3440
3441
3451
3485
3489
3492
3495
3505
3532
3537
3540
3572
3591
3603
3605
3606
3607
3609
3611
3625
3627
3639
3656
3667
3669
3672
3689
3691
3692
3694
3697
3700
3701
3727
3728
3731
3755
3766
3767
3770
3782
3788
3800
3803
3808
3811
3816
3820
3842
3858
3859
3890
3898
3911
3915
3924
3930
3945
3961
3968
3974
3982
3987
3995
3995
4021
4027
4032
4054
4054
4079
4091
4097
4110
4125
4130
4141
4153
4158
4163
4180
4192
4197
4217
4233
4234
4236
4257
4259
4266
4277
4285
4299
4299
4301
4304
4310
4313
4313
4315
4328
4350
4367
4378
4380
4380
4383
4385
4410
4418
4420
4423
4425
4435
4436
4506
4507
4511
4514
4525
4527
4541
4594
4619
4633
4642
4656
4670
4674
4687
4694
4718
4722
4733
4766
4784
4796
4802
4831
4831
4846
4860
4861
4867
4892
4901
4906
4922
4938
4955
4956
4972
4974
4992
4995
5011
5020
5042
5044
5045
5064
5068
5076
5085
5092
5098
5100
5101
5107
5110
5112
5175
5180
5182
5196
5196
5211
5211
5232
5233
5264
5266
5268
5312
5316
5379
5386
5387
5390
5395
5397
5401
5401
5406
5416
5419
5436
5446
5465
5489
5516
5518
5531
5538
5573
5573
5589
5591
5600
5606
5619
5640
5649
5652
5666
5681
5687
5694
5704
5704
5724
5728
5736
5745
5756
5757
5786
5788
5816
5842
5853
5862
5864
5866
5897
5899
5900
5904
5904
5908
5911
5919
5938
5940
5944
5955
5962
5971
5972
5982
6003
6012
6013
6016
6017
6027
6029
6030
6031
6040
6053
6063
6082
6086
6086
6089
6091
6100
6103
6106
6109
6138
6151
6156
6166
6170
6170
6173
6202
6266
6267
6284
6293
6320
6325
6331
6333
6336
6362
6371
6382
6390
6395
6410
6414
6422
6428
6440
6465
6472
6476
6484
6488
6505
6506
6536
6569
6569
6572
6593
6595
6603
6609
6610
6617
6625
6632
6658
6712
6721
6745
6775
6778
6790
6793
6796
6799
6803
6826
6832
6846
6849
6849
6856
6886
6888
6911
6929
6948
6956
6962
6975
6991
6995
7012
7021
7023
7023
7035
7039
7043
7053
7062
7062
7063
7065
7094
7100
7103
7107
7125
7126
7132
7138
7142
7156
7165
7167
7171
7193
7193
7197
7200
7215
7216
7217
7226
7227
7229
7234
7234
7251
7272
7281
7281
7320
7321
7359
7360
7368
7393
7414
7414
7421
7458
7460
7481
7508
7508
7515
7516
7526
7533
7537
7540
7543
7556
7561
7577
7591
7622
7645
7653
7655
7681
7683
7709
7713
7719
7720
7727
7728
7732
7741
7751
7763
7774
7798
7806
7841
7841
7841
7844
7845
7853
7853
7856
7862
7884
7888
7916
7919
7920
7938
7951
7964
7980
7983
7998
8005
8023
8037
8058
8073
8076
8087
8108
8115
8117
8131
8162
8165
8168
8173
8174
8188
8199
8201
8221
8224
8228
8231
8231
8237
8238
8243
8255
8256
8264
8282
8292
8305
8306
8322
8340
8347
8349
8350
8350
8351
8354
8370
8375
8380
8395
8410
8454
8471
8475
8485
8487
8515
8518
8519
8539
8541
8550
8552
8559
8560
8562
8595
8597
8609
8611
8615
8625
8643
8646
8655
8669
8678
8678
8698
8718
8723
8735
8737
8756
8760
8764
8774
8780
8788
8791
8799
8826
8827
8828
8836
8841
8859
8869
8880
8881
8886
8891
8908
8942
8952
8959
8976
8979
8983
8990
8996
8996
8996
8999
9005
9010
9023
9023
9026
9027
9032
9032
9037
9051
9063
9071
9079
9081
9092
9093
9100
9110
9121
9134
9190
9200
9218
9234
9239
9253
9255
9259
9276
9294
9305
9312
9322
9335
9344
9346
9352
9357
9368
9372
9395
9400
9403
9403
9405
9425
9427
9450
9455
9462
9470
9476
9493
9497
9508
9513
9514
9538
9566
9568
9576
9581
9588
9591
9618
9635
9638
9648
9648
9666
9692
9706
9709
9726
9743
9755
9762
9765
9766
9769
9770
9777
9784
9789
9810
9813
9814
9825
9832
9845
9849
9850
9852
9860
9873
9881
9882
9898
9901
9920
9942
9944
9949
9956
9972
9978
9984
10015
10017
10025
10029
10037
10037
10045
10052
10056
10059
10064
10081
10086
10093
10102
10103
10107
10111
10134
10148
10154
10165
10169
10183
10185
10190
10193
10196
10211
10230
10254
10289
10306
10311
10337
10366
10370
10377
10398
10402
10410
10416
10419
10430
10433
10443
10445
10453
10457
10462
10471
10472
10476
10477
10481
10504
10527
10544
10587
10588
10592
10592
10597
10621
10622
10625
10701
10705
10711
10717
10727
10739
10748
10749
10764
10786
10800
10801
10832
10833
10839
10842
10866
10890
10913
10926
10932
10946
10956
10959
10966
10970
10971
10976
10985
10987
11012
11020
11022
11030
11032
11033
11049
11070
11075
11076
11086
11090
11098
11104
11111
11120
11125
11130
11135
11138
11142
11143
11149
11156
11160
11174
11180
11188
11196
11199
11232
11241
11260
11264
11276
11292
11308
11316
11330
11333
11351
11363
11363
11365
11376
11377
11380
11382
11393
11396
11404
11405
11418
11428
11441
11458
11464
11478
11488
11506
11510
11528
11549
11555
11557
11577
11581
11590
11597
11629
11636
11637
11655
11682
11692
11696
11706
11710
11717
11748
11765
11767
11769
11769
11783
11790
11809
11832
11836
11838
11849
11855
11858
11863
11866
11874
11897
11934
11935
11942
11946
11957
11969
11973
11979
11980
11987
11993
11995
11996
12017
12034
12056
12058
12059
12063
12066
12069
12072
12088
12137
12158
12174
12175
12177
12183
12184
12193
12195
12196
12209
12223
12250
12286
12289
12306
12307
12317
12326
12328
12329
12344
12355
12366
12370
12386
12387
12404
12406
12418
12419
12434
12438
12443
12455
12457
12458
12464
12468
12474
12494
12500
12502
12520
12530
12570
12590
12601
12614
12622
12623
12644
12654
12655
12661
12709
12715
12715
12726
12736
12741
12753
12767
12772
12787
12790
12793
12814
12825
12825
12828
12836
12842
12845
12867
12868
12868
12875
12881
12898
12910
12913
12919
12949
12956
12960
12963
12976
12982
12985
12989
13002
13004
13018
13024
13030
13051
13064
13066
13070
13084
13113
13115
13121
13133
13142
13146
13151
13160
13176
13184
13184
13185
13203
13203
13215
13219
13250
13255
13261
13300
13302
13324
13343
13362
13375
13376
13381
13387
13394
13417
13435
13463
13479
13508
13536
13549
13567
13567
13579
13586
13588
13623
13638
13648
13654
13681
13683
13685
13685
13689
13690
13695
13697
13709
13718
13728
13728
13730
13738
13752
13778
13795
13812
13815
13821
13836
13840
13841
13844
13848
13856
13859
13861
13879
13889
13896
13910
13930
13937
13941
13950
13953
13961
13962
13963
13971
13976
13990
14002
14005
14014
14018
14023
14024
14025
14026
14044
14046
14047
14093
14123
14137
14140
14150
14155
14179
14186
14188
14192
14202
14215
14231
14241
14242
14253
14280
14281
14288
14289
14300
14305
14316
14322
14326
14326
14332
14341
14349
14350
14375
14408
14420
14424
14426
14435
14471
14480
14482
14492
14501
14509
14519
14526
14533
14534
14553
14561
14582
14591
14592
14593
14597
14602
14605
14643
14647
14651
14654
14659
14665
14681
14686
14688
14693
14710
14719
14720
14732
14750
14757
14757
14761
14764
14765
14778
14779
14788
14791
14817
14818
14818
14834
14836
14857
14861
14871
14879
14901
14905
14914
14915
14917
14919
14925
14925
14926
14935
14944
14973
14980
14992
14995
15008
15012
15023
15030
15042
15046
15047
15063
15065
15082
15082
15090
15093
15103
15104
15110
15116
15117
15133
15134
15146
15150
15166
15176
15177
15181
15203
15210
15245
15260
15272
15277
15282
15294
15299
15299
15308
15313
15319
15321
15359
15362
15372
15376
15378
15394
15396
15398
15403
15405
15424
15425
15445
15446
15456
15459
15461
15489
15509
15513
15523
15527
15528
15540
15540
15560
15563
15567
15570
15570
15582
15584
15601
15608
15611
15626
15668
15681
15689
15690
15694
15705
15711
15722
15730
15735
15760
15770
15800
15800
15811
15814
15816
15822
15823
15831
15850
15853
15857
15857
15859
15876
15876
15892
15913
15919
15924
15938
15944
15951
15984
15997
16021
16022
16031
16032
16036
16036
16037
16043
16047
16053
16057
16066
16088
16092
16094
16133
16134
16176
16187
16214
16224
16233
16273
16275
16279
16293
16293
16295
16299
16300
16302
16307
16321
16323
16332
16333
16334
16347
16351
16362
16362
16366
16379
16386
16392
16393
16417
16420
16421
16440
16443
16465
16468
16479
16499
16505
16507
16513
16520
16521
16525
16527
16544
16550
16550
16554
16556
16578
16581
16584
16593
16608
16615
16619
16631
16634
16654
16668
16668
16678
16689
16701
16701
16712
16724
16758
16760
16764
16817
16830
16837
16842
16859
16859
16863
16864
16900
16904
16931
16944
16945
16948
16977
16978
16987
16997
16999
17010
17011
17011
17013
17018
17021
17033
17052
17053
17071
17073
17079
17088
17096
17098
17103
17109
17113
17118
17123
17125
17126
17130
17135
17140
17158
17189
17197
17212
17214
17228
17245
17252
17252
17265
17286
17293
17296
17300
17301
17303
17349
17349
17358
17389
17397
17400
17413
17414
17417
17427
17427
17431
17459
17467
17491
17492
17510
17526
17530
17582
17587
17590
17598
17601
17613
17619
17621
17633
17652
17669
17690
17701
17701
17713
17719
17722
17729
17779
17782
17801
17809
17810
17814
17817
17834
17847
17850
17854
17884
17900
17910
17918
17921
17923
17931
17955
17962
17970
17978
17991
17994
17999
18022
18026
18040
18043
18043
18044
18083
18084
18110
18113
18120
18120
18122
18129
18138
18146
18164
18167
18176
18182
18189
18191
18191
18203
18229
18252
18267
18269
18282
18284
18290
18292
18305
18310
18323
18323
18331
18335
18348
18358
18374
18383
18394
18407
18421
18456
18461
18474
18475
18494
18499
18516
18548
18549
18559
18571
18575
18576
18581
18584
18587
18604
18604
18606
18666
18669
18675
18676
18680
18692
18705
18710
18721
18728
18737
18737
18745
18746
18752
18763
18783
18827
18828
18833
18833
18842
18842
18855
18870
18870
18874
18878
18881
18893
18895
18896
18901
18910
18913
18916
18917
18922
18930
18937
18951
18960
18962
18992
18995
19006
19007
19009
19028
19029
19039
19049
19068
19075
19082
19085
19112
19116
19121
19127
19138
19138
19144
19147
19155
19163
19182
19225
19233
19234
19235
19236
19250
19261
19264
19290
19294
19301
19301
19304
19307
19320
19322
19336
19347
19357
19373
19375
19380
19397
19407
19411
19416
19420
19422
19423
19426
19433
19462
19474
19492
19505
19525
19526
19527
19547
19557
19569
19583
19585
19599
19601
19613
19622
19631
19641
19669
19670
19690
19697
19701
19749
19757
19775
19803
19804
19810
19816
19818
19826
19836
19872
19880
19886
19893
19899
19904
19908
19909
19910
19911
19913
19917
19931
19946
19956
19965
19977
19990
20029
20029
20038
20043
20049
20050
20062
20075
20096
20102
20110
20110
20113
20114
20125
20127
20129
20139
20148
20151
20154
20155
20158
20177
20181
20202
20211
20220
20228
20231
20233
20239
20258
20280
20301
20303
20323
20335
20337
20344
20356
20361
20366
20371
20375
20398
20413
20419
20419
20425
20440
20442
20453
20477
20481
20488
20493
20493
20494
20496
20497
20506
20509
20514
20525
20548
20551
20569
20574
20581
20586
20593
20599
20600
20652
20652
20670
20682
20691
20698
20699
20711
20714
20720
20744
20754
20767
20770
20772
20779
20781
20810
20856
20863
20864
20873
20899
20906
20917
20918
20923
20950
20953
20955
20959
20966
20973
20975
20977
20986
20986
20994
21016
21051
21056
21061
21087
21089
21097
21100
21101
21111
21113
21114
21140
21145
21165
21167
21217
21221
21226
21231
21246
21250
21255
21257
21265
21288
21301
21308
21331
21352
21365
21378
21412
21430
21463
21480
21481
21487
21499
21500
21517
21522
21527
21530
21532
21533
21543
21546
21547
21579
21582
21606
21606
21611
21631
21665
21666
21676
21679
21684
21690
21705
21710
21716
21717
21723
21732
21741
21752
21755
21758
21795
21796
21801
21811
21815
21821
21822
21825
21828
21830
21830
21832
21863
21865
21873
21894
21894
21919
21920
21931
21932
21933
21941
21959
21975
21985
21986
21988
21999
22003
22025
22039
22044
22072
22085
22107
22145
22145
22155
22168
22179
22180
22180
22181
22184
22202
22206
22210
22214
22220
22221
22230
22231
22255
22256
22259
22262
22268
22277
22290
22306
22309
22324
22332
22333
22343
22363
22367
22368
22381
22420
22425
22434
22440
22466
22475
22489
22506
22507
22537
22555
22577
22605
22611
22624
22657
22660
22676
22677
22680
22684
22714
22739
22747
22749
22772
22785
22792
22806
22808
22825
22846
22859
22870
22879
22907
22922
22934
22961
22964
22976
22985
23005
23009
23016
23038
23045
23051
23058
23058
23064
23076
23079
23089
23108
23116
23142
23148
23164
23167
23174
23176
23185
23196
23203
23204
23222
23233
23245
23257
23267
23268
23268
23276
23301
23311
23339
23361
23372
23372
23388
23393
23399
23402
23409
23414
23433
23444
23447
23465
23466
23474
23474
23481
23510
23515
23534
23549
23551
23561
23572
23583
23609
23643
23646
23665
23667
23672
23682
23691
23693
23703
23725
23726
23728
23734
23754
23761
23779
23782
23786
23797
23804
23831
23861
23864
23889
23890
23968
23974
23977
23979
23987
23991
23999
24004
24007
24018
24023
24026
24032
24041
24046
24057
24074
24075
24080
24092
24094
24118
24127
24147
24158
24170
24174
24192
24194
24211
24234
24241
24246
24259
24261
24301
24310
24322
24335
24358
24373
24389
24389
24401
24402
24419
24426
24448
24477
24501
24503
24508
24513
24516
24516
24519
24521
24522
24535
24536
24539
24541
24558
24564
24602
24604
24606
24620
24624
24636
24666
24671
24673
24678
24683
24694
24700
24717
24718
24720
24721
24744
24745
24752
24776
24795
24807
24812
24821
24824
24830
24831
24862
24873
24881
24882
24884
24888
24893
24927
24931
24934
24942
24945
24953
24968
24983
24986
24998
25034
25042
25050
25054
25056
25061
25069
25071
25073
25110
25118
25140
25141
25144
25165
25166
25167
25173
25176
25179
25206
25206
25226
25228
25253
25273
25277
25278
25295
25302
25333
25334
25335
25343
25353
25357
25401
25416
25426
25478
25488
25496
25497
25498
25522
25537
25570
25590
25592
25604
25619
25622
25623
25629
25637
25658
25669
25673
25683
25692
25699
25714
25715
25718
25723
25735
25748
25752
25755
25765
25776
25777
25786
25799
25801
25822
25825
25826
25827
25831
25846
25856
25862
25880
25887
25889
25891
25901
25911
25914
25918
25919
25933
25958
25965
25968
25971
25972
25986
25991
25994
25998
26005
26006
26027
26028
26045
26055
26058
26065
26074
26077
26080
26085
26098
26103
26107
26115
26146
26161
26163
26190
26196
26198
26215
26218
26221
26230
26241
26246
26248
26301
26313
26314
26315
26352
26356
26364
26402
26405
26452
26454
26456
26469
26489
26501
26536
26558
26567
26580
26591
26598
26600
26608
26647
26661
26661
26672
26675
26683
26707
26712
26713
26715
26728
26734
26737
26747
26750
26752
26753
26767
26771
26776
26781
26782
26789
26798
26810
26818
26819
26831
26838
26840
26853
26857
26863
26863
26867
26870
26883
26889
26901
26914
26918
26929
26936
26986
26990
27002
27005
27010
27013
27024
27052
27065
27087
27087
27088
27111
27113
27114
27117
27140
27144
27144
27173
27173
27179
27186
27189
27205
27208
27221
27231
27232
27237
27256
27290
27301
27337
27339
27362
27386
27403
27406
27420
27426
27436
27436
27446
27456
27478
27494
27516
27582
27586
27590
27603
27610
27629
27635
27642
27642
27648
27655
27665
27676
27682
27685
27688
27718
27722
27729
27732
27749
27750
27759
27759
27784
27809
27815
27842
27844
27847
27854
27861
27873
27879
27881
27887
27897
27897
27905
27911
27921
27927
27929
27949
27951
27952
27960
27960
27960
27972
27977
27986
27988
27999
28005
28005
28008
28019
28026
28028
28038
28041
28049
28053
28053
28053
28060
28088
28092
28101
28102
28141
28141
28173
28182
28183
28200
28200
28219
28221
28227
28251
28265
28270
28298
28318
28322
28326
28345
28351
28365
28365
28367
28372
28389
28392
28425
28438
28468
28475
28481
28516
28518
28521
28524
28539
28576
28582
28597
28605
28605
28611
28612
28615
28621
28623
28652
28652
28666
28677
28690
28696
28710
28740
28742
28745
28748
28762
28811
28824
28843
28854
28869
28871
28881
28896
28901
28905
28915
28936
28943
28944
28944
28947
28951
28954
28970
28977
28980
29006
29007
29018
29031
29033
29035
29055
29064
29065
29079
29079
29082
29089
29089
29096
29105
29106
29107
29117
29137
29142
29156
29166
29183
29190
29204
29204
29209
29229
29242
29244
29246
29249
29267
29273
29284
29287
29301
29316
29324
29325
29399
29412
29414
29419
29440
29444
29446
29478
29495
29508
29513
29523
29527
29530
29538
29543
29564
29608
29615
29617
29629
29646
29654
29670
29674
29679
29696
29707
29708
29708
29719
29728
29740
29744
29773
29774
29779
29783
29785
29802
29812
29820
29844
29853
29858
29865
29871
29886
29888
29903
29907
29924
29955
29957
29961
29977
29991
30006
30027
30037
30047
30055
30057
30067
30082
30083
30100
30122
30123
30143
30154
30155
30169
30194
30207
30208
30229
30246
30248
30253
30263
30275
30280
30284
30286
30294
30310
30327
30328
30356
30360
30360
30374
30381
30384
30401
30409
30443
30446
30465
30466
30479
30506
30507
30513
30515
30515
30524
30540
30545
30575
30576
30583
30598
30636
30643
30650
30675
30676
30676
30686
30702
30712
30725
30726
30730
30739
30743
30747
30751
30752
30753
30759
30760
30774
30804
30821
30822
30825
30829
30877
30886
30889
30905
30910
30928
30945
30950
30973
30975
31000
31032
31048
31054
31055
31059
31073
31094
31102
31150
31150
31162
31190
31191
31195
31204
31211
31223
31229
31233
31234
31247
31267
31275
31299
31312
31314
31317
31331
31351
31395
31396
31400
31401
31458
31459
31474
31482
31488
31490
31507
31519
31530
31537
31538
31539
31550
31558
31570
31575
31586
31588
31589
31620
31653
31654
31670
31672
31673
31682
31686
31691
31696
31719
31727
31731
31758
31781
31797
31851
31861
31865
31878
31882
31899
31918
31918
31933
31941
31946
31968
31969
31973
31989
31993
31999
32003
32015
32024
32026
32028
32056
32070
32085
32098
32099
32100
32104
32125
32126
32130
32151
32152
32157
32160
32163
32199
32239
32269
32284
32295
32304
32307
32308
32317
32322
32326
32338
32349
32363
32370
32393
32395
32401
32419
32445
32448
32449
32450
32474
32520
32542
32543
32547
32577
32579
32581
32588
32600
32600
32625
32655
32685
32692
32703
32709
32718
32748
32776
32786
32791
32798
32800
32800
32807
32809
32822
32825
32865
32896
32939
32940
32944
32945
32967
32994
33008
33015
33017
33022
33058
33064
33068
33068
33073
33080
33082
33092
33124
33144
33147
33157
33171
33183
33186
33196
33197
33197
33209
33212
33222
33234
33240
33246
33281
33286
33300
33321
33328
33332
33345
33367
33381
33389
33390
33408
33412
33415
33434
33437
33506
33552
33559
33563
33573
33599
33615
33635
33651
33653
33658
33671
33703
33706
33707
33743
33751
33766
33773
33778
33780
33787
33790
33792
33796
33821
33863
33863
33867
33870
33872
33890
33891
33893
33895
33914
33917
33925
33926
33928
33933
33937
33977
33977
33977
33989
33999
34014
34020
34032
34047
34058
34058
34060
34070
34072
34085
34091
34102
34104
34123
34123
34163
34185
34197
34199
34199
34215
34220
34225
34244
34254
34264
34287
34289
34296
34306
34307
34309
34314
34334
34345
34382
34397
34400
34453
34489
34492
34501
34505
34510
34519
34531
34532
34532
34534
34539
34547
34557
34564
34581
34586
34592
34596
34600
34606
34613
34615
34617
34631
34632
34634
34657
34659
34668
34671
34687
34708
34717
34727
34728
34733
34742
34753
34797
34809
34809
34814
34826
34838
34856
34884
34905
34911
34917
34948
34956
34961
34961
34972
34972
34980
34991
34992
35000
35016
35101
35104
35117
35118
35147
35148
35157
35176
35206
35226
35266
35294
35296
35311
35315
35330
35334
35336
35339
35349
35352
35353
35363
35364
35371
35379
35383
35409
35425
35425
35427
35446
35447
35465
35468
35475
35476
35476
35481
35493
35511
35512
35525
35528
35544
35553
35560
35561
35568
35572
35575
35576
35619
35630
35635
35657
35658
35660
35675
35676
35685
35718
35741
35743
35746
35753
35753
35757
35766
35766
35767
35769
35793
35804
35820
35836
35875
35884
35925
35949
35951
35965
35972
35975
35977
35984
35990
36004
36021
36024
36032
36043
36072
36083
36102
36103
36142
36151
36176
36202
36213
36231
36232
36235
36236
36253
36267
36301
36302
36309
36323
36355
36355
36365
36375
36387
36395
36400
36403
36420
36421
36427
36442
36450
36454
36465
36476
36482
36485
36495
36498
36525
36535
36535
36560
36563
36579
36592
36596
36621
36655
36671
36673
36678
36682
36714
36731
36738
36739
36751
36764
36776
36779
36791
36795
36798
36803
36807
36817
36831
36838
36838
36849
36856
36863
36886
36894
36897
36913
36951
36952
36965
36970
36986
37004
37007
37062
37074
37099
37119
37129
37136
37166
37167
37167
37183
37185
37213
37214
37232
37235
37245
37278
37282
37282
37285
37285
37291
37300
37306
37307
37318
37319
37322
37325
37330
37336
37371
37374
37394
37415
37418
37435
37440
37450
37468
37472
37487
37502
37503
37539
37545
37546
37554
37560
37572
37572
37575
37580
37583
37584
37588
37592
37592
37596
37618
37647
37650
37656
37681
37694
37698
37708
37710
37717
37726
37732
37745
37760
37762
37764
37791
37793
37795
37799
37805
37812
37815
37825
37838
37871
37914
37921
37921
37923
37926
37971
37974
37993
37996
38006
38011
38012
38018
38024
38024
38038
38047
38084
38086
38107
38112
38118
38131
38135
38135
38137
38141
38155
38164
38170
38171
38186
38196
38199
38200
38211
38224
38235
38236
38243
38248
38251
38271
38280
38283
38286
38287
38297
38312
38315
38328
38332
38334
38338
38343
38346
38347
38348
38351
38363
38364
38369
38376
38384
38386
38393
38417
38425
38435
38440
38449
38465
38467
38471
38501
38506
38515
38521
38531
38534
38544
38548
38549
38575
38576
38577
38625
38628
38631
38632
38652
38660
38666
38688
38692
38698
38714
38739
38744
38752
38759
38764
38765
38772
38774
38777
38807
38819
38824
38832
38843
38844
38859
38872
38875
38893
38918
38950
38967
38973
38979
39001
39001
39020
39021
39022
39022
39029
39063
39079
39081
39082
39084
39090
39091
39093
39101
39102
39104
39118
39124
39125
39133
39147
39150
39153
39164
39168
39197
39204
39241
39246
39250
39250
39253
39266
39279
39279
39290
39294
39295
39313
39321
39323
39333
39353
39357
39358
39365
39366
39368
39369
39383
39387
39390
39398
39400
39404
39442
39471
39475
39484
39489
39500
39509
39523
39524
39529
39539
39573
39579
39582
39595
39604
39626
39628
39635
39651
39652
39656
39657
39672
39674
39781
39788
39803
39812
39815
39816
39816
39819
39843
39845
39854
39871
39887
39928
39930
39932
39934
39947
39950
39954
39958
39958
39964
39987
39989
40002
40004
40006
40014
40036
40055
40055
40063
40072
40072
40085
40098
40110
40115
40117
40126
40145
40153
40166
40191
40192
40194
40196
40222
40290
40339
40342
40355
40356
40357
40363
40399
40403
40404
40408
40427
40439
40450
40454
40456
40460
40469
40477
40493
40494
40497
40507
40557
40557
40559
40560
40569
40574
40582
40586
40596
40600
40616
40636
40661
40675
40676
40717
40726
40737
40740
40741
40744
40751
40790
40823
40834
40835
40846
40849
40852
40859
40861
40868
40871
40875
40926
40935
40951
40960
40961
40962
40964
40995
41007
41016
41021
41026
41028
41030
41040
41048
41051
41053
41058
41080
41083
41100
41103
41117
41124
41126
41131
41138
41148
41149
41151
41156
41168
41182
41184
41212
41217
41236
41242
41251
41298
41298
41304
41306
41312
41352
41356
41359
41361
41371
41376
41398
41410
41410
41447
41452
41454
41474
41493
41501
41527
41534
41536
41577
41599
41607
41614
41622
41665
41669
41677
41681
41683
41695
41729
41738
41738
41744
41757
41780
41783
41786
41786
41808
41832
41843
41846
41847
41848
41852
41875
41884
41891
41911
41924
41944
41948
41959
41963
41969
41992
41995
41998
42001
42006
42010
42010
42012
42020
42023
42027
42049
42058
42083
42086
42096
42097
42114
42121
42125
42151
42159
42175
42186
42194
42208
42211
42211
42234
42240
42248
42251
42258
42262
42271
42271
42273
42274
42279
42284
42292
42293
42297
42306
42310
42310
42339
42358
42359
42375
42386
42390
42390
42391
42399
42402
42406
42426
42456
42459
42461
42467
42471
42482
42488
42493
42497
42518
42519
42519
42523
42530
42544
42560
42585
42591
42592
42596
42601
42604
42616
42623
42626
42629
42636
42651
42673
42677
42680
42687
42693
42697
42703
42707
42710
42713
42735
42746
42758
42759
42766
42775
42778
42783
42790
42791
42824
42843
42846
42857
42884
42892
42898
42903
42906
42908
42916
42920
42947
42974
42981
42997
43005
43023
43023
43026
43028
43034
43056
43065
43084
43122
43129
43136
43157
43178
43191
43198
43205
43216
43220
43253
43259
43266
43269
43277
43283
43287
43296
43330
43339
43340
43353
43353
43371
43380
43381
43383
43387
43392
43397
43398
43421
43422
43453
43462
43468
43473
43492
43503
43505
43515
43525
43529
43530
43535
43543
43549
43575
43579
43585
43587
43599
43614
43626
43640
43642
43643
43653
43657
43666
43668
43670
43672
43675
43698
43706
43707
43724
43731
43732
43732
43732
43755
43760
43761
43768
43772
43775
43781
43809
43810
43811
43816
43840
43850
43862
43872
43894
43894
43906
43933
43939
43965
44009
44010
44030
44033
44036
44062
44074
44098
44124
44125
44127
44127
44130
44131
44153
44163
44164
44205
44223
44229
44231
44246
44252
44258
44282
44284
44294
44308
44309
44314
44321
44333
44342
44343
44353
44361
44362
44365
44369
44370
44380
44412
44421
44480
44484
44484
44497
44499
44506
44512
44513
44518
44527
44547
44552
44552
44563
44568
44571
44580
44594
44601
44606
44618
44631
44631
44643
44645
44652
44652
44655
44659
44672
44676
44681
44689
44690
44699
44702
44710
44731
44766
44772
44773
44776
44777
44793
44796
44802
44822
44825
44833
44875
44906
44906
44910
44910
44912
44937
44944
44958
44964
44981
44984
44999
44999
45025
45033
45073
45079
45081
45088
45090
45136
45144
45147
45188
45195
45200
45205
45210
45214
45219
45235
45257
45272
45275
45294
45312
45314
45323
45326
45327
45330
45336
45341
45347
45352
45360
45388
45392
45404
45405
45418
45431
45444
45461
45461
45487
45491
45495
45500
45515
45526
45527
45546
45566
45587
45589
45589
45592
45602
45602
45603
45634
45639
45651
45654
45656
45657
45658
45658
45666
45668
45678
45682
45682
45685
45692
45699
45735
45760
45760
45761
45770
45777
45779
45789
45797
45814
45842
45851
45853
45859
45864
45886
45895
45932
45936
45942
45966
45967
45981
45990
46053
46061
46090
46091
46106
46116
46116
46127
46152
46170
46172
46177
46181
46207
46223
46224
46241
46247
46264
46265
46279
46285
46286
46300
46307
46320
46321
46321
46326
46328
46344
46356
46367
46401
46406
46407
46410
46411
46412
46414
46433
46434
46439
46440
46465
46471
46479
46492
46501
46518
46529
46541
46547
46555
46578
46580
46589
46615
46617
46633
46658
46668
46672
46687
46692
46726
46745
46747
46753
46759
46769
46772
46775
46815
46827
46830
46845
46854
46869
46885
46890
46915
46922
46924
46927
46927
46928
46947
46959
46970
46986
46990
47010
47033
47053
47058
47061
47082
47102
47114
47115
47128
47129
47150
47170
47199
47200
47226
47228
47233
47237
47244
47256
47268
47275
47282
47318
47318
47319
47327
47354
47359
47367
47370
47402
47417
47453
47467
47486
47494
47504
47509
47522
47524
47557
47560
47562
47564
47571
47580
47582
47593
47594
47595
47614
47615
47617
47624
47628
47629
47645
47646
47650
47655
47670
47675
47690
47714
47715
47722
47723
47726
47728
47732
47733
47738
47748
47764
47774
47783
47799
47802
47841
47892
47898
47911
47931
47931
47954
47962
47965
47984
47985
47991
48001
48025
48025
48029
48031
48040
48040
48059
48062
48075
48081
48097
48099
48102
48104
48115
48116
48125
48133
48158
48160
48172
48178
48181
48195
48204
48217
48233
48251
48251
48275
48282
48287
48290
48291
48299
48343
48344
48347
48367
48370
48422
48443
48449
48460
48475
48477
48482
48485
48488
48490
48492
48517
48530
48532
48545
48545
48545
48551
48559
48584
48607
48610
48612
48613
48617
48630
48632
48632
48638
48658
48685
48715
48723
48727
48727
48754
48756
48761
48776
48788
48818
48829
48838
48849
48849
48856
48859
48899
48920
48924
48927
48955
48956
48974
48999
49011
49020
49028
49030
49036
49037
49048
49070
49077
49080
49092
49092
49093
49105
49111
49117
49123
49148
49149
49150
49187
49196
49217
49233
49253
49254
49258
49265
49307
49330
49339
49353
49354
49355
49372
49386
49407
49442
49480
49486
49488
49526
49533
49555
49576
49584
49594
49599
49639
49642
49648
49651
49706
49726
49728
49733
49745
49756
49763
49771
49794
49800
49803
49813
49821
49822
49830
49839
49860
49879
49883
49883
49885
49887
49894
49909
49911
49939
49944
49945
49945
49955
49965
49975
49988
50001
50005
50016
50021
50044
50045
50048
50051
50057
50060
50061
50071
50071
50072
50076
50097
50097
50099
50118
50123
50124
50128
50128
50129
50129
50134
50161
50165
50170
50219
50236
50245
50246
50250
50252
50256
50264
50281
50284
50299
50301
50330
50336
50387
50391
50416
50422
50424
50431
50464
50466
50510
50524
50526
50532
50534
50547
50557
50564
50566
50575
50576
50588
50593
50609
50609
50610
50627
50635
50641
50644
50648
50681
50682
50748
50772
50782
50798
50806
50808
50827
50830
50831
50832
50836
50844
50848
50849
50849
50852
50882
50883
50885
50895
50950
50955
50960
50963
50981
50983
50985
50985
50992
50995
51007
51038
51055
51060
51065
51067
51072
51076
51095
51096
51104
51113
51128
51129
51174
51176
51179
51187
51200
51212
51222
51229
51240
51263
51265
51266
51271
51271
51291
51304
51309
51332
51341
51351
51355
51371
51387
51388
51391
51394
51399
51409
51417
51420
51428
51442
51450
51461
51471
51483
51495
51514
51520
51521
51523
51557
51579
51599
51619
51625
51626
51636
51638
51639
51640
51647
51655
51662
51689
51703
51720
51733
51758
51769
51775
51781
51782
51783
51791
51792
51795
51799
51800
51801
51801
51811
51816
51818
51823
51827
51828
51833
51838
51858
51860
51861
51863
51875
51876
51879
51889
51891
51898
51908
51913
51913
51930
51939
51955
51958
51960
51964
51992
51992
51993
52005
52009
52026
52042
52070
52099
52101
52109
52115
52124
52126
52138
52158
52172
52177
52182
52182
52186
52189
52202
52206
52207
52213
52216
52221
52233
52242
52268
52278
52292
52326
52330
52337
52339
52352
52353
52357
52383
52391
52393
52396
52396
52397
52406
52407
52412
52416
52428
52436
52447
52466
52468
52473
52494
52499
52512
52532
52543
52551
52553
52573
52601
52603
52607
52617
52618
52622
52623
52628
52651
52662
52667
52683
52690
52698
52710
52723
52737
52738
52762
52768
52774
52776
52777
52788
52793
52801
52803
52840
52841
52848
52853
52909
52910
52911
52921
52957
52963
52963
52977
52985
52991
53000
53006
53011
53016
53017
53017
53020
53039
53043
53051
53058
53063
53066
53096
53100
53102
53102
53108
53112
53113
53116
53123
53142
53150
53159
53163
53164
53166
53169
53173
53185
53186
53190
53201
53205
53211
53213
53224
53230
53236
53249
53258
53270
53284
53284
53288
53332
53357
53359
53364
53368
53393
53413
53414
53420
53441
53446
53461
53463
53470
53476
53487
53488
53488
53495
53541
53558
53559
53565
53584
53593
53594
53595
53595
53610
53614
53635
53655
53668
53670
53674
53678
53686
53697
53704
53710
53712
53715
53718
53725
53728
53745
53751
53757
53770
53771
53780
53782
53788
53791
53812
53815
53819
53845
53846
53848
53848
53848
53851
53855
53860
53862
53883
53910
53920
53925
53928
53929
53935
53949
53952
53960
53967
53970
53975
53978
53990
54002
54009
54038
54043
54056
54065
54067
54073
54074
54091
54093
54099
54100
54111
54114
54115
54120
54137
54147
54152
54153
54155
54175
54178
54179
54185
54194
54196
54201
54212
54226
54233
54237
54238
54248
54255
54257
54276
54325
54333
54340
54351
54357
54374
54392
54395
54431
54443
54452
54455
54460
54468
54476
54488
54517
54528
54537
54543
54544
54546
54548
54562
54563
54565
54572
54572
54573
54573
54587
54595
54604
54607
54613
54624
54630
54650
54650
54650
54662
54671
54676
54719
54726
54738
54743
54757
54784
54786
54798
54799
54817
54825
54833
54834
54838
54840
54842
54847
54852
54857
54861
54863
54888
54902
54903
54905
54906
54917
54923
54925
54952
54986
54988
54999
55000
55030
55035
55061
55075
55075
55080
55089
55103
55133
55139
55164
55175
55201
55213
55217
55222
55233
55247
55267
55270
55274
55278
55286
55340
55350
55361
55367
55367
55372
55375
55392
55405
55408
55433
55434
55449
55456
55457
55458
55474
55476
55489
55508
55512
55522
55523
55539
55546
55551
55568
55580
55591
55595
55610
55611
55612
55617
55617
55641
55644
55647
55647
55651
55661
55665
55669
55673
55686
55687
55697
55712
55721
55727
55729
55742
55744
55757
55762
55779
55792
55803
55808
55820
55829
55829
55837
55844
55861
55869
55876
55877
55879
55896
55908
55950
55964
55966
55979
55990
55996
55997
56043
56044
56063
56069
56076
56081
56096
56096
56098
56104
56107
56118
56118
56118
56133
56139
56149
56151
56156
56219
56219
56222
56228
56268
56274
56277
56282
56287
56292
56300
56308
56311
56321
56338
56343
56356
56364
56383
56391
56413
56414
56443
56447
56450
56454
56468
56478
56486
56491
56500
56503
56507
56510
56514
56526
56531
56533
56534
56546
56558
56591
56604
56624
56624
56625
56633
56639
56640
56662
56663
56665
56685
56686
56730
56738
56747
56749
56762
56770
56782
56790
56799
56812
56823
56845
56870
56876
56880
56903
56921
56929
56942
56952
56952
56958
56960
56962
56975
56986
56989
57024
57031
57058
57097
57111
57147
57149
57166
57168
57173
57208
57218
57229
57251
57253
57269
57281
57283
57292
57296
57307
57308
57330
57339
57341
57397
57399
57399
57404
57430
57437
57442
57443
57450
57455
57479
57485
57505
57515
57518
57522
57534
57540
57540
57558
57569
57580
57589
57604
57608
57619
57629
57635
57641
57652
57657
57659
57664
57666
57678
57683
57684
57716
57717
57723
57727
57730
57731
57739
57745
57766
57770
57779
57784
57789
57800
57801
57805
57830
57842
57845
57847
57877
57897
57911
57916
57935
57938
57941
57958
57970
57979
57982
58019
58023
58026
58029
58035
58039
58045
58067
58077
58080
58093
58136
58139
58140
58145
58147
58153
58155
58177
58185
58206
58224
58225
58248
58267
58274
58280
58300
58311
58319
58323
58334
58356
58357
58364
58366
58372
58379
58388
58397
58399
58400
58407
58413
58431
58463
58467
58494
58504
58510
58520
58533
58555
58583
58591
58593
58607
58611
58623
58626
58635
58635
58641
58649
58658
58672
58673
58677
58678
58696
58715
58735
58743
58743
58748
58751
58752
58753
58760
58801
58806
58807
58815
58816
58825
58826
58831
58851
58862
58876
58878
58885
58894
58921
58946
58947
58959
58967
58968
58981
59002
59002
59020
59025
59049
59070
59072
59076
59080
59105
59139
59145
59147
59167
59185
59194
59196
59223
59223
59249
59250
59256
59279
59297
59310
59314
59318
59322
59326
59339
59344
59351
59352
59360
59425
59433
59473
59483
59493
59515
59518
59566
59573
59574
59575
59578
59580
59581
59585
59594
59625
59628
59637
59656
59660
59692
59698
59712
59728
59730
59747
59755
59772
59773
59797
59834
59845
59847
59858
59875
59879
59886
59893
59913
59917
59947
59963
59975
59978
59991
60030
60036
60047
60049
60054
60056
60059
60090
60099
60101
60101
60105
60118
60126
60133
60156
60164
60164
60189
60191
60203
60255
60279
60294
60311
60319
60325
60326
60329
60356
60357
60359
60379
60413
60422
60431
60436
60445
60457
60471
60474
60482
60485
60487
60500
60503
60509
60513
60514
60534
60542
60561
60562
60563
60577
60581
60596
60600
60604
60616
60634
60639
60653
60663
60665
60675
60678
60679
60690
60693
60709
60727
60747
60762
60782
60794
60794
60796
60798
60801
60813
60841
60845
60846
60861
60865
60873
60886
60896
60905
60910
60920
60921
60927
60928
60938
60977
60988
60988
60991
60996
61008
61009
61030
61049
61075
61084
61097
61101
61116
61146
61148
61164
61165
61181
61191
61195
61195
61196
61200
61204
61213
61233
61236
61252
61274
61292
61304
61308
61330
61345
61352
61360
61376
61403
61406
61426
61428
61433
61448
61461
61462
61475
61480
61486
61517
61523
61524
61527
61528
61530
61532
61553
61577
61616
61632
61645
61652
61662
61677
61695
61721
61729
61729
61745
61754
61773
61774
61779
61780
61781
61790
61796
61811
61811
61812
61812
61814
61819
61847
61858
61858
61868
61874
61874
61896
61901
61903
61907
61910
61912
61917
61921
61923
61928
61936
61937
61944
61948
61961
61965
62027
62031
62059
62069
62080
62089
62110
62110
62114
62123
62134
62166
62166
62173
62174
62178
62185
62193
62214
62231
62234
62235
62236
62237
62242
62246
62247
62254
62258
62259
62262
62279
62280
62295
62319
62334
62352
62362
62409
62410
62411
62426
62426
62428
62448
62449
62450
62455
62464
62480
62492
62501
62501
62513
62541
62546
62550
62550
62551
62555
62559
62561
62611
62617
62639
62648
62656
62666
62684
62713
62715
62729
62743
62749
62754
62796
62797
62806
62811
62818
62824
62829
62837
62849
62850
62852
62855
62858
62864
62868
62873
62879
62886
62887
62901
62906
62923
62943
62953
62961
62972
63005
63024
63044
63046
63055
63057
63068
63140
63146
63147
63161
63161
63169
63179
63182
63187
63190
63193
63225
63260
63263
63267
63267
63269
63287
63289
63293
63295
63299
63312
63315
63337
63343
63344
63349
63354
63356
63374
63406
63414
63465
63466
63467
63483
63485
63490
63513
63515
63522
63535
63536
63537
63538
63541
63548
63607
63627
63648
63661
63663
63664
63664
63670
63676
63685
63690
63698
63711
63711
63722
63724
63727
63742
63755
63758
63771
63787
63801
63831
63850
63851
63874
63887
63904
63919
63926
63944
63953
63959
63972
63993
64014
64019
64034
64037
64046
64048
64069
64071
64097
64099
64108
64110
64141
64156
64168
64193
64198
64198
64201
64203
64223
64263
64264
64279
64287
64319
64330
64337
64342
64352
64378
64382
64395
64404
64416
64426
64426
64441
64443
64459
64460
64464
64487
64496
64498
64518
64520
64541
64559
64576
64577
64579
64592
64594
64602
64612
64621
64635
64639
64648
64680
64684
64710
64731
64733
64735
64758
64765
64772
64777
64785
64787
64791
64818
64820
64822
64833
64847
64864
64867
64875
64915
64931
64932
64971
64976
64980
64986
64990
65009
65036
65043
65056
65063
65089
65103
65113
65123
65126
65136
65137
65138
65148
65155
65159
65181
65184
65192
65205
65211
65214
65217
65220
65232
65239
65259
65261
65265
65273
65275
65278
65282
65289
65315
65319
65323
65327
65334
65339
65344
65349
65356
65447
65455
65469
65474
65484
65490
65493
65500
65505
65523
65539
65542
65551
65561
65573
65577
65579
65590
65596
65600
65600
65605
65619
65626
65626
65635
65636
65646
65651
65666
65672
65674
65679
65694
65713
65718
65723
65736
65739
65741
65748
65763
65768
65769
65771
65797
65798
65799
65803
65808
65809
65819
65824
65853
65864
65874
65874
65877
65886
65898
65930
65944
65945
65951
65954
65957
65960
65961
65965
65986
66027
66033
66035
66071
66075
66087
66090
66118
66149
66153
66155
66173
66181
66197
66199
66204
66210
66217
66235
66242
66265
66266
66273
66273
66276
66316
66346
66365
66368
66371
66382
66390
66395
66406
66410
66413
66418
66450
66454
66455
66466
66467
66478
66479
66487
66497
66498
66516
66517
66544
66547
66548
66555
66567
66581
66602
66608
66614
66616
66618
66625
66668
66672
66673
66678
66680
66685
66686
66698
66699
66723
66751
66757
66769
66788
66806
66806
66806
66806
66819
66857
66859
66861
66868
66905
66928
66928
66933
66972
66979
66991
66994
67005
67049
67051
67058
67061
67062
67068
67098
67101
67108
67123
67148
67155
67156
67160
67172
67176
67186
67194
67198
67202
67213
67228
67233
67235
67243
67244
67247
67249
67266
67278
67279
67294
67297
67309
67330
67339
67343
67344
67355
67360
67372
67382
67384
67390
67403
67405
67421
67445
67448
67449
67463
67463
67487
67491
67500
67516
67520
67531
67540
67545
67548
67554
67563
67570
67577
67577
67581
67585
67592
67597
67615
67630
67636
67636
67642
67647
67648
67679
67711
67713
67713
67716
67727
67728
67751
67767
67769
67774
67782
67785
67794
67800
67805
67816
67828
67837
67844
67855
67856
67869
67883
67899
67908
67976
67988
67993
68031
68035
68035
68036
68041
68046
68063
68067
68067
68070
68075
68075
68103
68104
68110
68112
68113
68129
68149
68150
68154
68174
68175
68183
68187
68196
68197
68245
68250
68251
68252
68253
68255
68275
68285
68288
68288
68299
68322
68324
68329
68333
68333
68344
68355
68356
68385
68388
68389
68394
68404
68419
68423
68432
68444
68476
68490
68501
68520
68529
68537
68540
68568
68580
68590
68595
68595
68596
68618
68642
68651
68665
68669
68669
68674
68674
68690
68698
68719
68740
68742
68760
68764
68765
68774
68785
68785
68804
68809
68810
68811
68828
68849
68854
68862
68863
68864
68875
68892
68894
68925
68944
68948
68954
68959
68961
68964
68972
68973
68973
68998
69038
69042
69049
69051
69051
69054
69062
69110
69116
69118
69122
69132
69134
69137
69147
69149
69173
69187
69189
69197
69203
69211
69227
69238
69242
69248
69261
69261
69274
69284
69284
69287
69292
69295
69295
69311
69313
69316
69319
69330
69336
69344
69351
69353
69355
69365
69381
69394
69403
69403
69404
69407
69489
69508
69509
69536
69538
69557
69590
69592
69594
69603
69605
69611
69626
69640
69648
69651
69683
69683
69684
69730
69731
69744
69747
69754
69788
69798
69806
69818
69823
69839
69840
69846
69852
69854
69861
69866
69881
69885
69887
69894
69901
69907
69920
69923
69923
69934
69945
69951
69958
69982
69992
69993
70016
70017
70025
70039
70055
70060
70062
70064
70088
70092
70110
70133
70136
70136
70164
70170
70181
70199
70202
70218
70236
70248
70252
70266
70267
70285
70297
70299
70302
70302
70305
70306
70322
70341
70343
70352
70360
70367
70367
70369
70371
70387
70394
70396
70403
70421
70433
70437
70445
70448
70454
70461
70463
70475
70477
70478
70506
70510
70516
70519
70522
70529
70539
70560
70572
70607
70612
70633
70639
70645
70653
70660
70665
70676
70732
70737
70745
70755
70763
70764
70778
70778
70784
70794
70805
70829
70832
70845
70846
70854
70879
70881
70890
70893
70898
70903
70909
70911
70955
70971
70974
70987
70987
70990
70993
70993
70997
70997
70999
71000
71007
71010
71016
71030
71030
71050
71069
71077
71079
71084
71092
71134
71141
71143
71151
71161
71172
71173
71184
71196
71197
71197
71221
71230
71231
71238
71245
71247
71257
71264
71272
71287
71290
71293
71295
71300
71310
71311
71349
71357
71367
71369
71372
71373
71375
71388
71421
71425
71432
71433
71444
71449
71475
71477
71491
71493
71521
71530
71535
71561
71574
71579
71590
71590
71605
71613
71621
71625
71644
71657
71677
71707
71714
71720
71722
71732
71738
71748
71764
71767
71778
71780
71796
71802
71810
71827
71834
71887
71905
71908
71964
71999
72012
72018
72030
72035
72046
72060
72063
72111
72116
72128
72131
72144
72145
72145
72177
72180
72180
72184
72197
72207
72209
72222
72224
72229
72231
72233
72236
72242
72278
72291
72318
72320
72323
72338
72359
72359
72360
72361
72364
72369
72378
72379
72410
72421
72444
72462
72471
72477
72483
72492
72494
72501
72523
72525
72529
72542
72557
72590
72590
72591
72594
72595
72603
72638
72677
72680
72698
72699
72703
72715
72718
72726
72746
72748
72752
72754
72760
72760
72771
72771
72773
72774
72775
72781
72782
72787
72794
72810
72829
72830
72849
72866
72867
72869
72870
72872
72876
72887
72893
72895
72898
72903
72907
72911
72920
72926
72929
72942
72947
72964
72972
72992
73007
73030
73032
73043
73050
73065
73073
73084
73098
73109
73119
73135
73151
73151
73168
73191
73216
73224
73253
73253
73255
73266
73272
73276
73277
73279
73285
73299
73322
73326
73349
73355
73366
73372
73381
73383
73394
73394
73397
73422
73430
73440
73447
73458
73475
73480
73481
73520
73522
73554
73572
73584
73595
73602
73614
73617
73640
73683
73684
73692
73695
73705
73734
73739
73740
73746
73756
73759
73766
73767
73769
73770
73798
73814
73815
73819
73828
73832
73836
73848
73856
73864
73873
73888
73907
73912
73917
73920
73935
73937
73938
73957
73976
73978
73985
73998
74005
74011
74011
74016
74018
74019
74035
74062
74082
74084
74089
74098
74099
74108
74133
74134
74139
74142
74143
74149
74153
74161
74165
74187
74200
74201
74204
74209
74282
74305
74313
74380
74382
74405
74410
74438
74453
74462
74462
74472
74484
74489
74498
74523
74526
74542
74563
74572
74572
74588
74595
74605
74619
74623
74632
74636
74649
74658
74664
74667
74673
74685
74717
74720
74721
74742
74756
74759
74773
74777
74786
74788
74791
74796
74797
74803
74842
74846
74866
74870
74890
74906
74949
74971
74972
74981
74990
75027
75030
75032
75041
75056
75068
75071
75075
75077
75091
75105
75160
75162
75167
75169
75209
75242
75247
75247
75256
75265
75271
75291
75294
75301
75308
75320
75324
75325
75329
75338
75352
75355
75367
75376
75384
75385
75393
75427
75433
75443
75452
75472
75482
75511
75517
75526
75543
75552
75574
75574
75592
75599
75600
75603
75604
75605
75617
75621
75628
75628
75633
75636
75651
75682
75684
75729
75742
75748
75751
75757
75759
75768
75784
75800
75822
75824
75849
75849
75854
75868
75870
75895
75932
75937
75940
75998
76003
76006
76013
76020
76043
76044
76049
76059
76060
76065
76067
76074
76079
76099
76106
76112
76116
76128
76142
76147
76160
76166
76166
76193
76219
76255
76267
76281
76292
76309
76332
76362
76371
76375
76378
76392
76392
76405
76406
76421
76431
76442
76444
76445
76446
76449
76452
76460
76472
76474
76480
76484
76485
76527
76530
76546
76551
76562
76564
76572
76572
76574
76579
76580
76587
76601
76615
76621
76630
76647
76651
76663
76669
76670
76675
76676
76693
76770
76793
76797
76800
76800
76800
76822
76834
76851
76854
76854
76861
76871
76871
76877
76882
76887
76887
76891
76892
76896
76898
76905
76908
76949
76952
76958
76964
76974
76978
77013
77021
77024
77112
77113
77128
77129
77149
77157
77158
77160
77163
77174
77188
77206
77233
77248
77259
77263
77266
77266
77276
77287
77289
77295
77295
77300
77307
77307
77308
77328
77334
77353
77357
77363
77363
77379
77393
77409
77417
77417
77436
77440
77442
77463
77512
77519
77526
77538
77539
77541
77547
77550
77551
77556
77559
77567
77567
77568
77582
77582
77588
77594
77594
77602
77603
77613
77620
77630
77644
77650
77655
77663
77667
77684
77688
77709
77734
77749
77761
77766
77770
77783
77789
77809
77812
77823
77832
77836
77836
77841
77846
77849
77855
77857
77876
77880
77889
77895
77908
77908
77908
77910
77911
77912
77913
77918
77940
77949
77960
77962
77968
78013
78013
78014
78023
78033
78039
78046
78052
78056
78078
78092
78102
78104
78117
78132
78155
78168
78168
78170
78212
78212
78214
78231
78235
78238
78281
78291
78295
78297
78299
78305
78321
78322
78323
78333
78343
78354
78356
78364
78369
78371
78400
78407
78411
78444
78458
78481
78492
78500
78506
78548
78586
78587
78588
78593
78595
78608
78618
78637
78638
78640
78640
78642
78642
78643
78650
78684
78687
78692
78721
78730
78737
78739
78741
78752
78752
78760
78773
78781
78782
78787
78790
78791
78800
78802
78819
78829
78830
78837
78840
78849
78859
78878
78880
78882
78883
78886
78897
78903
78907
78923
78924
78936
78939
78947
78949
78970
78981
78983
78984
78985
78988
79004
79008
79015
79019
79028
79039
79045
79049
79064
79074
79078
79088
79108
79110
79125
79127
79139
79142
79147
79153
79166
79171
79177
79190
79191
79191
79192
79236
79237
79245
79249
79252
79254
79261
79280
79285
79290
79299
79307
79310
79365
79365
79373
79391
79397
79398
79398
79410
79413
79416
79423
79429
79435
79442
79442
79453
79457
79482
79489
79497
79521
79540
79563
79564
79602
79603
79606
79609
79630
79633
79638
79653
79665
79666
79672
79675
79690
79702
79708
79709
79717
79717
79719
79721
79723
79726
79727
79732
79765
79770
79770
79785
79790
79801
79807
79810
79820
79821
79825
79835
79880
79881
79888
79903
79909
79913
79919
79925
79935
79939
79942
79949
79951
79957
79967
79967
79975
79979
79994
80015
80020
80038
80056
80069
80069
80072
80076
80088
80096
80103
80119
80146
80164
80165
80172
80182
80191
80199
80207
80207
80223
80256
80265
80294
80314
80316
80323
80324
80331
80340
80346
80362
80363
80375
80380
80394
80398
80412
80421
80433
80437
80440
80451
80475
80478
80478
80494
80506
80510
80528
80565
80574
80576
80581
80587
80587
80606
80617
80625
80638
80638
80648
80649
80654
80674
80684
80689
80711
80714
80763
80788
80810
80811
80818
80846
80888
80891
80925
80935
80938
80962
80978
80983
80988
80994
80994
81028
81031
81054
81059
81065
81068
81070
81071
81078
81085
81086
81096
81105
81110
81125
81128
81134
81149
81151
81154
81179
81183
81200
81207
81213
81220
81263
81280
81290
81292
81296
81300
81304
81304
81311
81321
81322
81331
81352
81357
81364
81383
81410
81420
81428
81439
81467
81473
81486
81502
81511
81521
81551
81552
81562
81572
81609
81619
81626
81631
81638
81652
81668
81691
81701
81704
81706
81728
81743
81760
81760
81765
81781
81795
81803
81805
81827
81833
81842
81842
81869
81873
81881
81889
81918
81920
81943
81952
81970
81976
81984
81987
81994
81999
82008
82029
82055
82062
82079
82088
82100
82110
82112
82114
82121
82125
82135
82136
82140
82192
82201
82204
82235
82256
82258
82262
82279
82284
82295
82297
82300
82306
82314
82340
82346
82361
82365
82368
82373
82385
82390
82401
82406
82412
82413
82419
82421
82431
82439
82466
82472
82484
82493
82494
82502
82502
82503
82528
82548
82556
82563
82569
82577
82580
82582
82584
82590
82591
82594
82600
82605
82608
82613
82631
82647
82663
82666
82685
82695
82708
82724
82724
82741
82746
82755
82772
82783
82803
82809
82817
82821
82832
82835
82863
82877
82887
82902
82910
82912
82914
82924
82930
82955
82971
82994
83003
83004
83008
83012
83012
83013
83015
83016
83017
83024
83030
83047
83052
83063
83069
83080
83095
83096
83122
83132
83145
83145
83148
83158
83166
83180
83187
83187
83207
83210
83211
83223
83227
83227
83238
83244
83258
83265
83267
83268
83269
83270
83270
83281
83304
83330
83333
83372
83381
83387
83392
83416
83417
83431
83436
83436
83446
83452
83516
83519
83520
83533
83534
83545
83562
83564
83566
83572
83593
83622
83623
83624
83632
83642
83649
83653
83661
83662
83697
83707
83711
83715
83723
83738
83767
83769
83782
83797
83807
83837
83837
83840
83853
83861
83868
83876
83895
83898
83910
83918
83936
83937
83946
83948
83951
84006
84015
84016
84035
84037
84041
84066
84085
84089
84113
84130
84156
84166
84166
84179
84197
84206
84220
84220
84233
84247
84249
84262
84281
84284
84302
84313
84317
84319
84322
84334
84338
84340
84359
84380
84389
84415
84425
84432
84433
84437
84465
84466
84471
84473
84474
84478
84491
84493
84498
84543
84549
84561
84563
84589
84596
84613
84613
84617
84673
84698
84715
84717
84718
84746
84751
84754
84762
84785
84788
84794
84798
84802
84808
84809
84811
84822
84829
84833
84836
84849
84879
84887
84891
84941
84980
84991
85023
85026
85030
85081
85082
85107
85109
85122
85171
85177
85179
85200
85202
85224
85225
85226
85231
85232
85261
85262
85263
85267
85290
85298
85316
85319
85323
85332
85333
85338
85340
85342
85343
85357
85364
85374
85380
85382
85395
85416
85417
85429
85441
85449
85471
85485
85495
85514
85517
85524
85540
85545
85569
85576
85579
85586
85595
85603
85619
85619
85621
85638
85644
85656
85671
85672
85677
85685
85694
85703
85706
85709
85710
85710
85735
85750
85750
85757
85757
85764
85772
85787
85787
85791
85796
85808
85817
85842
85842
85851
85873
85877
85877
85882
85888
85912
85917
85942
85945
85950
85969
85974
85974
85975
85977
85978
85983
85985
85987
86048
86070
86077
86086
86106
86124
86131
86155
86158
86172
86182
86188
86209
86213
86213
86214
86228
86236
86241
86243
86261
86283
86305
86309
86314
86315
86321
86323
86324
86326
86355
86367
86372
86372
86377
86394
86404
86436
86438
86453
86461
86462
86470
86473
86475
86482
86488
86495
86500
86602
86618
86618
86620
86624
86644
86652
86662
86663
86693
86708
86722
86738
86742
86751
86765
86768
86770
86782
86787
86788
86788
86801
86830
86830
86841
86842
86843
86849
86866
86866
86881
86885
86887
86892
86915
86945
86988
86992
86998
87001
87015
87020
87023
87026
87031
87043
87048
87051
87055
87061
87077
87078
87081
87086
87148
87159
87190
87202
87221
87228
87267
87275
87289
87292
87334
87338
87343
87367
87369
87369
87381
87388
87396
87408
87408
87420
87420
87431
87438
87443
87466
87471
87491
87500
87512
87513
87514
87525
87527
87532
87535
87543
87554
87574
87579
87588
87598
87604
87610
87614
87629
87637
87638
87645
87654
87673
87682
87685
87688
87692
87694
87702
87721
87721
87727
87731
87739
87748
87765
87768
87769
87772
87779
87780
87798
87799
87819
87831
87839
87840
87843
87858
87867
87868
87883
87889
87905
87913
87913
87914
87922
87930
87941
87969
87998
88008
88010
88032
88070
88079
88085
88103
88104
88113
88115
88115
88122
88122
88127
88128
88141
88142
88161
88166
88168
88181
88184
88189
88204
88207
88221
88227
88234
88253
88258
88280
88284
88303
88309
88316
88353
88357
88369
88389
88413
88431
88436
88444
88451
88453
88462
88465
88470
88472
88477
88485
88486
88486
88494
88497
88506
88509
88509
88510
88516
88536
88574
88575
88583
88593
88600
88606
88614
88620
88629
88636
88638
88641
88642
88642
88643
88646
88652
88654
88657
88676
88677
88683
88690
88694
88717
88719
88737
88749
88753
88768
88775
88780
88797
88803
88810
88823
88832
88838
88856
88882
88902
88903
88904
88912
88912
88919
88920
88923
88934
88936
88939
88986
88992
89008
89011
89018
89023
89024
89026
89039
89039
89054
89070
89071
89075
89079
89082
89090
89100
89102
89130
89149
89169
89172
89180
89197
89211
89211
89214
89214
89220
89223
89241
89258
89260
89299
89324
89335
89369
89372
89379
89383
89396
89398
89399
89399
89423
89430
89433
89448
89452
89459
89473
89481
89493
89512
89518
89548
89548
89553
89570
89583
89594
89598
89606
89621
89632
89633
89654
89657
89660
89663
89679
89685
89686
89687
89697
89700
89714
89717
89724
89744
89744
89749
89753
89765
89770
89772
89777
89780
89780
89783
89790
89798
89798
89802
89830
89833
89834
89844
89849
89851
89858
89860
89871
89895
89902
89913
89918
89933
89971
89976
89982
89987
89987
90010
90010
90016
90038
90048
90081
90081
90109
90116
90120
90124
90126
90143
90159
90170
90198
90212
90220
90233
90241
90250
90256
90259
90293
90303
90325
90326
90335
90362
90365
90381
90385
90390
90395
90411
90438
90454
90466
90470
90471
90474
90475
90479
90481
90486
90487
90490
90503
90504
90509
90512
90512
90512
90521
90526
90539
90540
90541
90542
90547
90557
90560
90572
90577
90600
90609
90622
90623
90623
90624
90637
90648
90650
90663
90666
90671
90675
90686
90708
90711
90715
90717
90724
90728
90734
90737
90747
90754
90771
90776
90780
90784
90795
90809
90813
90820
90825
90841
90846
90922
90923
90926
90940
90957
90959
90963
90968
90969
90978
90988
90997
91000
91004
91022
91031
91046
91053
91054
91060
91062
91063
91070
91078
91090
91109
91111
91150
91175
91178
91204
91235
91244
91259
91265
91273
91277
91284
91284
91299
91321
91331
91341
91344
91346
91352
91373
91395
91406
91408
91423
91424
91426
91430
91435
91442
91445
91450
91453
91455
91474
91478
91487
91494
91496
91498
91502
91513
91517
91524
91549
91550
91552
91561
91563
91572
91579
91595
91604
91605
91609
91631
91633
91651
91652
91652
91682
91694
91695
91705
91740
91750
91753
91753
91758
91786
91789
91791
91800
91815
91818
91826
91827
91847
91854
91869
91877
91880
91885
91886
91909
91926
91956
91956
91977
91985
91992
91992
91995
91997
92001
92001
92001
92011
92027
92045
92051
92061
92066
92078
92083
92112
92131
92140
92144
92148
92149
92153
92154
92157
92196
92197
92199
92202
92204
92207
92240
92252
92262
92266
92283
92284
92293
92299
92299
92311
92316
92337
92343
92372
92376
92378
92402
92402
92428
92428
92429
92431
92442
92445
92451
92457
92477
92486
92493
92515
92517
92518
92525
92544
92560
92561
92565
92567
92585
92596
92596
92609
92613
92613
92655
92667
92670
92682
92696
92704
92733
92737
92791
92799
92800
92809
92816
92829
92838
92849
92852
92856
92860
92867
92876
92887
92914
92916
92926
92939
92939
92970
92982
92985
92996
93000
93002
93002
93004
93009
93012
93037
93046
93069
93075
93096
93096
93129
93133
93140
93144
93159
93161
93165
93166
93171
93172
93176
93178
93190
93191
93193
93226
93252
93253
93265
93290
93295
93302
93345
93348
93349
93360
93365
93368
93390
93392
93396
93436
93437
93462
93488
93490
93505
93520
93550
93551
93551
93570
93579
93579
93586
93586
93589
93632
93637
93645
93646
93647
93650
93697
93704
93725
93733
93734
93734
93755
93772
93778
93779
93783
93788
93796
93813
93820
93831
93834
93855
93866
93915
93926
93930
93947
93953
93962
93963
93967
93967
93982
93984
93985
93986
93987
93989
93991
94048
94059
94060
94062
94066
94067
94095
94097
94113
94158
94164
94169
94175
94178
94193
94196
94199
94202
94217
94229
94242
94267
94277
94294
94300
94308
94335
94336
94341
94347
94350
94353
94355
94365
94376
94380
94390
94443
94462
94463
94479
94482
94483
94504
94535
94544
94562
94568
94584
94599
94619
94623
94649
94650
94653
94659
94675
94692
94712
94718
94718
94719
94725
94731
94740
94740
94749
94766
94767
94786
94787
94788
94810
94812
94823
94826
94832
94861
94869
94881
94890
94895
94911
94918
94919
94926
94927
94945
94945
94953
94956
94959
94963
94971
94977
94980
94980
94990
94992
94993
95009
95018
95022
95027
95057
95061
95062
95073
95075
95085
95099
95103
95117
95119
95122
95129
95135
95139
95149
95151
95153
95153
95154
95161
95164
95173
95177
95193
95194
95194
95205
95211
95221
95226
95239
95249
95258
95297
95307
95321
95331
95332
95341
95389
95397
95399
95402
95458
95459
95484
95486
95498
95518
95536
95541
95545
95554
95568
95569
95575
95580
95581
95587
95603
95622
95629
95639
95648
95649
95669
95673
95679
95688
95698
95698
95708
95709
95732
95734
95738
95742
95752
95756
95766
95779
95782
95797
95823
95829
95830
95831
95834
95867
95869
95877
95878
95882
95891
95906
95908
95925
95927
95929
95930
95934
95938
95954
95957
95981
96003
96004
96015
96020
96022
96050
96076
96078
96094
96153
96161
96162
96168
96185
96187
96205
96212
96222
96231
96233
96236
96237
96243
96267
96269
96271
96277
96281
96294
96307
96343
96348
96355
96376
96394
96396
96398
96404
96432
96434
96434
96439
96468
96488
96500
96520
96529
96530
96541
96543
96578
96612
96622
96630
96652
96678
96707
96715
96723
96731
96740
96764
96770
96800
96807
96812
96812
96815
96823
96829
96852
96861
96862
96891
96914
96925
96948
96952
96956
96959
96968
97004
97013
97013
97061
97073
97093
97095
97135
97172
97179
97180
97186
97190
97210
97216
97217
97231
97235
97248
97260
97260
97265
97267
97277
97312
97331
97332
97334
97335
97337
97348
97362
97364
97379
97384
97387
97388
97393
97408
97439
97449
97486
97518
97534
97555
97561
97562
97570
97571
97572
97585
97623
97626
97643
97679
97683
97683
97683
97704
97713
97716
97728
97738
97762
97772
97791
97797
97800
97821
97823
97829
97835
97840
97857
97882
97883
97917
97944
97949
97950
97959
97962
97969
97977
97991
98005
98028
98049
98064
98066
98082
98088
98112
98113
98124
98143
98147
98201
98212
98261
98272
98274
98275
98277
98282
98289
98306
98311
98322
98326
98351
98369
98378
98386
98393
98395
98404
98429
98436
98440
98472
98485
98486
98487
98506
98536
98549
98549
98551
98562
98569
98572
98582
98596
98601
98603
98605
98608
98615
98616
98619
98620
98628
98629
98631
98634
98651
98655
98663
98664
98674
98683
98694
98734
98740
98751
98757
98789
98790
98802
98802
98832
98838
98864
98879
98879
98884
98898
98899
98925
98937
98969
98971
98977
98993
99015
99025
99041
99045
99050
99056
99057
99069
99071
99072
99073
99075
99081
99082
99087
99090
99099
99118
99119
99122
99132
99135
99143
99149
99156
99169
99169
99173
99186
99193
99199
99221
99228
99233
99257
99272
99277
99283
99284
99315
99319
99356
99364
99377
99389
99390
99405
99410
99420
99423
99435
99461
99487
99488
99500
99507
99526
99537
99553
99556
99558
99570
99577
99584
99596
99599
99623
99623
99657
99657
99657
99664
99664
99689
99708
99733
99769
99772
99774
99774
99783
99800
99803
99803
99813
99822
99849
99915
99918
99920
99949
99970
99984
99997
