33804
20400
81837
89524
79869
73282
31237
88680
90976
47839
40328
87460
51470
37015
35007
57508
78283
43451
9074
31675
43867
29572
21639
17824
84497
47995
94384
46209
90047
43755
64588
23851
80506
46425
29726
60375
36058
77314
49054
27033
25152
89381
14492
92974
42747
65850
66833
37381
25653
92258
69055
85871
21829
90694
3695
22677
55040
14430
85237
45086
74536
49825
85288
55042
12601
15014
15416
48658
8679
80821
92042
50183
86554
22885
43156
45652
88735
9988
83033
30739
18597
68439
16609
40425
59132
20303
79454
14171
34732
64690
75609
9268
30866
60896
80661
59818
75909
96076
8475
940
93248
516
51122
96153
23401
10629
41805
28487
36968
41189
59225
55564
9627
75833
95988
85111
12488
75441
15633
63571
56483
91241
72838
87348
52137
53498
47166
44397
65925
71992
45336
75525
88860
12809
71677
28612
23437
29833
73450
60404
71021
32674
15967
80648
24858
28307
82110
37345
3747
97742
916
76581
88983
90105
63929
57471
59955
27446
1867
42231
15789
63555
17755
4648
76363
5784
49611
16152
35616
23060
76555
22989
55733
8874
19988
96943
37180
2097
34287
57278
99838
51554
33859
5172
58011
14139
62642
17965
41584
80861
60195
73724
44415
94302
78372
37129
85
44334
53280
52052
67394
46187
75040
39478
55060
95027
36420
8591
97123
87059
65868
13313
38612
16078
18484
12974
30216
81126
30938
88151
78338
7485
61875
22752
1786
56598
76232
18222
931
45864
70273
68324
92050
61665
7802
63461
56691
60573
72051
70166
47631
54270
83478
2595
70348
18313
15568
563
15790
46506
88714
94127
70342
66940
33230
72127
23537
9462
6700
40819
55325
76972
25495
47374
38636
33296
27186
11679
93868
99236
81844
57851
53505
81673
60445
40204
99985
92364
40767
32127
55221
45832
26253
25562
29123
59483
14040
69011
68944
20739
9829
40620
14063
35323
4345
69050
84970
31530
80728
95190
30765
78923
53040
621
76947
29836
40825
93284
22199
97943
25410
93772
60126
51662
19333
89248
27496
49725
58258
12791
86815
68086
53410
877
3409
57754
69927
88378
5635
67006
99919
52751
62281
52958
69724
39227
99145
10548
32510
37696
24842
74271
31467
84967
42285
67151
74214
69780
16875
32471
98923
3690
16908
68684
20918
20316
42790
7196
25046
48424
90554
24964
1175
52834
94274
70898
8412
9770
97797
57274
47465
22638
31544
78931
7604
73828
62434
98169
59960
79308
30639
58882
99349
47546
27565
36619
84214
70354
60166
25611
35130
50719
66926
36304
19904
77551
7201
28316
87321
21349
85589
34785
43986
17132
30068
67941
7312
92501
66109
67271
88160
13099
42504
3861
76996
70068
56831
77561
56774
16996
19523
91903
67715
86449
44558
87618
63999
68110
15933
67671
89458
17873
2456
49795
51357
48875
17735
58668
41375
195
25938
45886
29645
68441
49746
22992
54860
22928
553
27985
39924
20075
36239
7638
22875
80796
11607
3226
48905
43892
70896
38362
61764
89703
88156
13120
38577
22242
88139
96303
38788
14076
42189
68432
98868
8286
91424
70080
31214
8328
14416
71137
44754
50655
95126
67629
47802
23084
70854
96707
66975
41749
51420
45091
31452
55928
74562
86380
94521
62701
82683
33309
93128
24871
1740
8348
33156
9515
94779
80721
34194
25546
51857
78948
76200
63334
46576
40354
86418
33781
37060
69744
91881
4831
14834
39684
77110
5748
26064
71631
84800
8746
4939
94279
49968
23030
18978
99475
32545
13756
80196
66738
55654
48404
62037
31853
11738
24964
72206
98155
58744
25617
84250
66977
46800
99084
6660
23909
21183
49075
95539
22334
74172
477
16612
24139
39859
35590
23614
72403
65697
20161
55492
21350
68564
33881
69555
96653
58844
58112
11159
33940
81
95409
916
46880
10844
23927
70788
32026
73002
82679
54359
47173
99507
87322
87664
39365
39263
27629
28119
21312
47789
83611
59013
32704
17491
28567
29357
92686
3031
40515
26625
3111
52275
27540
66342
63118
67819
53481
11495
40820
36159
82205
4344
35666
69527
92007
91382
8789
35987
19501
46452
83775
3111
5465
32831
36953
50383
78539
29638
53413
35405
56263
72875
87680
154
39216
50797
67972
92697
62292
25143
45207
44496
29487
97224
30374
37845
88606
39163
73832
8106
85614
73958
27568
7430
23140
64520
57813
1678
10509
11225
37083
83123
452
24762
99629
39667
91910
67600
48715
54201
9095
10274
15049
54933
7497
45422
92777
96102
936
82960
4207
2902
73270
48126
10331
96409
12645
68143
14439
39506
95720
51521
22628
96171
92634
22256
52189
84543
6208
17256
55096
15302
43881
70144
70234
51377
31917
79362
63831
32853
78674
84389
35754
51943
32515
62436
64703
45159
46931
79141
1016
42650
47013
23644
55172
39646
62251
23712
40541
84810
57319
95636
16463
1199
82131
86696
68928
14047
82410
32758
46899
61083
17146
99004
29377
49660
61440
10431
11171
24722
89572
12186
67371
52936
52181
38894
8934
14432
78957
49474
15593
52628
45109
32056
53826
27239
35103
39105
57637
17512
71862
4536
94946
5360
19891
24322
55019
97682
34753
82541
22403
40676
94727
6125
9963
63259
45018
18896
94042
40327
68369
9635
92954
29829
41690
63131
73419
76792
2236
31056
10656
90449
35591
5601
95808
55481
46275
67179
53163
97379
66071
91917
38054
60797
98042
48016
40408
59411
66912
34449
99737
51632
44083
9042
81461
85772
72173
54879
78916
90760
85934
89571
97560
37876
95171
9720
9709
41445
93250
79223
38823
59320
71139
93228
36469
69180
57596
76876
28591
40859
11324
28327
92490
55407
53721
73950
57530
42245
45181
52797
33004
31114
42367
46915
85342
53890
56634
95050
11686
66235
74272
66861
25555
45410
60088
62023
14590
34035
38898
59532
74893
50221
4210
83735
21979
57930
74036
95861
174
19216
48657
49529
66682
7376
96444
52023
61265
69429
47072
89302
35664
21343
56162
61218
83104
32602
39592
97693
66636
78489
73576
57881
45061
77786
41615
83392
35715
15650
95604
35889
34866
44260
85417
17899
67987
98212
69921
45603
83993
33344
34905
19656
54686
91066
97225
54141
23667
53168
51834
90303
31656
25409
48183
93068
3194
6149
76459
55261
21798
72062
91149
73015
32674
92917
90913
660
7481
77185
46263
91473
10528
97519
27480
81565
88584
24704
35706
12251
77871
3891
18905
25878
45651
83439
18945
65197
89587
11756
20457
27736
169
27957
751
32842
37225
8015
49854
44705
85200
12468
36177
12079
9986
63656
9996
98569
4711
45701
27171
98933
65943
62427
41162
11593
45865
60107
93141
51803
88214
13597
79539
88382
57905
96641
37576
95130
4655
87429
39834
6206
16248
76011
34637
26233
56018
44632
41153
60729
6684
84676
76013
72626
47102
17175
570
92967
93633
93711
61121
98198
7307
40659
86579
65212
37299
40506
60341
41954
27934
16526
64511
60533
8888
99147
3117
64906
43778
44270
41986
50461
45297
34350
39438
92398
51524
40008
1716
61508
33718
62837
59705
57376
19847
62636
38939
57146
3141
15631
15451
47427
32157
96313
7959
41044
95460
11076
22301
55589
71697
64286
22402
16993
98636
61839
25742
66511
1846
27458
28019
51915
6646
4075
9291
26492
66710
48229
99989
69851
63860
31791
17277
96016
28104
25235
53411
39915
52662
75712
95503
24358
56349
17904
57702
71336
79743
83444
37847
97940
27253
82217
49855
50250
86291
59145
93093
53001
23725
93082
39203
87584
41224
56479
99951
69327
98065
69714
9241
50727
45425
21096
91436
18125
38999
49138
89461
35093
32581
43659
33033
76185
25875
99239
26434
28517
74735
35878
97869
98459
45311
37071
2395
86535
9901
18697
72213
7966
88410
97806
75044
50186
18901
66479
84663
74251
15616
74123
9344
64548
17781
58728
57084
60007
57966
99869
4875
32700
35747
2744
47510
81057
56166
49904
67591
82419
84953
39804
90384
73362
37609
81779
39900
72861
48257
24562
47111
80225
15036
56454
61124
49168
31533
18208
9174
89498
18076
14048
22197
53822
33143
86059
34879
5661
35962
18821
88079
20914
58624
94814
10628
12584
76592
66879
1796
24848
91440
48907
21424
22827
21712
82548
71994
53245
755
97519
59094
35182
11566
97643
89004
61061
83701
40234
66721
19662
59054
54799
56928
17678
49612
83907
46613
26203
50785
48409
67402
58576
13667
5178
81402
51730
87725
69747
21326
4831
67265
80420
40012
95182
78062
29015
56242
78114
85600
39314
97775
44654
94112
71054
78683
60075
54960
25295
2629
22096
90055
86383
80671
20073
91560
78424
71803
95636
48170
9480
466
15434
89899
40477
10616
84312
85844
83209
62425
71443
22523
76552
16096
32986
47605
94778
9413
18917
36425
28393
57364
42831
14775
38035
62904
22686
32810
51058
18321
97332
60537
18786
29117
66788
75615
56084
51099
61458
39293
29876
49252
78167
6427
81700
27504
70383
76477
53268
5651
29253
81661
63015
88436
12787
17401
67691
35473
50210
18748
70145
63893
95636
88931
93010
78775
80897
49093
46226
58706
4737
76101
7957
82903
82527
89656
26759
52909
82485
80026
74912
28089
61686
37926
16524
90825
55326
84214
26297
21887
19313
12793
85780
31301
1723
78789
10075
98971
27881
56300
57676
32618
32400
65633
31872
31278
71640
74982
539
54124
55008
75450
82213
33045
13375
98736
23869
68700
99302
66517
6938
18614
79310
92717
49914
97384
71505
76341
96355
15738
32640
54030
64707
81392
36014
12930
12669
7654
87912
13207
61777
42919
88656
60341
92315
2030
75429
32536
87081
74730
99052
94019
9695
94713
86735
75961
8449
74592
52301
21155
6681
84940
75184
87739
66331
27550
668
79000
35203
4931
8558
13331
64201
97214
90024
56516
15595
81804
89051
2676
56533
4454
13046
82579
15519
16132
58539
23967
7075
27191
45121
13755
12131
36656
1493
94813
80557
18513
90164
15759
23443
98722
45442
3996
12287
51817
60511
27881
33620
65913
46908
6504
86718
59953
89082
2236
76085
63973
42554
83159
91163
4026
13266
19645
57034
31110
14458
37590
49622
20973
69701
89417
36046
31494
9764
48332
83310
70274
76213
16929
52538
39472
23432
55607
99425
12513
57843
91861
92837
16748
91371
84000
37126
4636
3644
94159
35746
34453
31748
1719
55426
17800
7487
91471
49293
17250
56155
32602
3875
48719
49530
72764
88190
89313
28371
87614
18178
2565
95826
11014
19312
87197
11365
56437
8184
31361
66947
43929
65813
15047
62000
37590
32846
85838
45413
82139
19440
1567
31092
23314
50285
80622
12430
54826
86286
40800
58792
4463
43364
54617
31829
79027
41813
43193
51816
49997
74553
18762
10277
40366
33808
88628
94307
83006
74466
56071
65144
10257
57637
96235
49922
24273
93208
62351
95451
79494
3150
54242
308
62865
8858
32136
41892
67023
75329
10059
17019
66233
45172
43647
22950
95332
32275
17257
78337
23092
73327
59832
33348
47316
56066
83269
87940
65626
61972
83390
61471
65121
37631
61778
44338
62841
93914
2581
29863
85594
12639
63233
68178
74162
6879
91128
69493
55505
24736
47829
94948
14414
7660
44647
61729
80078
44268
66021
45703
6239
49410
7173
87711
3393
85302
32048
66233
95567
34628
96095
97512
63618
75679
65690
37780
82557
56817
23624
54414
81552
71453
65713
12317
95464
10360
74046
91893
70979
56418
37595
93569
22179
61119
81279
25571
46421
29679
8155
58339
80658
20601
55851
44276
96279
21540
98407
95188
94708
22030
49601
92611
9834
15313
4927
21650
42024
95324
13542
13002
51741
67489
22922
73920
44959
4201
15842
7731
33879
23997
66070
30888
44597
21920
91515
40876
59811
89921
36063
54518
28303
2015
47128
54488
33679
68406
76137
92055
63730
6031
21408
15470
73519
44330
5741
18477
48530
21583
26208
98760
61931
8629
45999
6527
30548
37514
63754
90358
43786
16168
61227
72088
34534
24706
42928
68213
93111
19064
60267
73192
41446
98026
5014
31316
42355
10754
49793
7236
48688
92352
22347
10618
980
68346
33497
47879
5859
97250
54588
49644
13418
15814
38084
64303
56871
81011
32515
49981
16426
9133
39525
57872
7159
44538
89187
49513
55291
55331
56749
20331
64034
79095
30948
81365
47440
64444
29243
69650
78046
182
19294
7815
15995
73729
72117
89217
54739
4632
39198
87516
30116
78722
61739
37274
39611
50926
3139
11253
22608
76239
31583
2994
71685
62531
84358
19125
43326
29953
5126
21371
30134
40771
29185
62481
14499
1302
51697
85589
22285
7246
73105
52400
85967
34843
6026
25577
2120
9164
53182
24728
85402
84764
27721
57086
63646
28430
92562
23324
58382
14040
44694
4868
54810
90231
67348
69309
7884
19044
54897
46520
26290
44353
15271
28608
79196
21296
70537
81315
46811
23718
22394
48564
8481
66466
22002
88479
94896
30915
11802
69629
44954
72847
74496
99764
63077
41843
85424
87312
77239
56672
33831
19880
1025
65454
48487
96572
86749
35375
94238
33560
59092
16632
98475
83925
99449
20476
72403
10696
51391
556
80325
96344
73402
71172
12459
52831
29367
97882
40142
6605
70906
90325
26484
88282
55778
91322
84853
58878
26697
79090
8789
85788
12073
7264
86064
11522
27739
58466
22217
79129
59021
2541
91825
48775
90065
4283
1605
19431
18517
41746
26035
5774
48422
68870
94055
20551
60191
95259
79429
86887
90700
88217
89027
2773
11832
75090
14294
39571
49908
52862
35051
25280
71755
43227
74054
61819
63862
75658
81249
82378
33756
23635
4503
82177
8856
14909
2728
69046
10167
98508
72285
17218
86724
61311
19990
98556
52752
50635
54478
2659
19849
5880
27939
91603
49107
18344
69773
12968
94002
51021
11697
27757
91007
16199
26285
16214
47459
45364
1611
57625
43871
73895
74842
30595
51557
11184
45502
4309
78170
16331
23319
98018
22210
67609
5972
71316
85953
75744
635
79954
43116
12331
24062
50474
44881
50346
66687
92339
12062
68298
66315
55932
42192
57509
2878
10101
85044
48379
30761
63213
64709
54079
77583
3271
21688
83554
90938
23992
59298
91573
3945
18765
20255
44358
69239
81488
11055
35925
73826
23116
4222
56493
79048
62766
30353
81925
89218
15396
46656
19978
94960
27716
90408
72542
30986
12095
72448
21924
36086
48097
29848
56382
66861
50102
739
36099
31589
28146
88376
21767
51261
8949
94611
30308
71714
24963
28585
60931
40358
75240
97260
51669
2955
87668
40563
50293
16114
13010
72216
68552
77458
2063
24933
60670
68516
42024
13121
16457
70169
1496
54575
37781
10444
49185
68089
98510
74147
13025
75792
30856
88264
73052
98876
7570
77071
39438
57862
93184
68799
46429
61735
46256
64843
3020
23278
49711
61395
36398
66167
47915
54245
20741
85695
81040
86277
70135
95901
76775
83159
71693
7630
87774
61096
6505
11696
38166
62295
85909
31349
31093
32338
9436
93701
13532
12455
33330
63242
90201
69727
45760
38115
40323
82852
23809
37714
69128
10296
33615
45902
93454
21659
69883
97580
82754
92740
9275
37271
55034
95183
84971
2478
43872
94406
12530
73756
23212
45859
53349
13412
31937
99109
51526
72259
81960
91687
9973
67440
1982
59939
29693
11787
81597
99576
25718
64350
8667
34992
17972
63700
46527
2942
82529
6750
97348
95059
80505
20559
57269
33854
50323
89206
49314
18200
77816
47625
26238
87788
15064
44571
64078
44757
72710
45674
60684
98427
26375
69350
49771
44346
49401
96297
47288
31929
19398
60987
43339
99903
97897
608
50108
48219
89813
99421
82771
67628
47045
9008
71768
62109
69931
35845
23217
42640
97871
83900
41066
40597
69601
90836
84943
19001
3484
48582
67281
22882
9568
10620
22784
7464
11227
89243
72035
17391
88663
54805
1370
35707
80164
89489
14167
50094
25334
53735
92733
39556
37634
50151
80152
7234
40986
81446
42586
44470
30027
9867
83703
39594
20486
22838
63410
48064
12080
35444
81806
742
6600
83175
52800
86763
72664
83319
53209
14349
37053
45941
70256
91039
96091
66759
14624
53429
48205
57210
14250
78231
67076
97952
34177
3913
20789
97586
68328
49220
49381
50133
49961
55980
49659
19112
59094
38674
2430
12302
69374
39483
58243
55981
46873
70685
22740
61496
24113
70944
18705
54714
49174
2132
52665
99702
22396
89805
13639
90723
55376
63019
57207
21688
18998
23218
40800
78092
61891
43229
6745
47617
99063
64987
3597
45935
52024
26336
23783
92488
13631
58839
47202
79157
60971
99866
78858
99718
6023
92497
90441
61398
55515
63999
83086
90865
87216
40237
85308
65459
83465
92052
13075
98880
73391
33023
61166
25414
75711
84948
34253
89341
60139
81454
68497
21109
97672
63707
37178
3694
56203
27618
81443
28069
7969
64528
35285
95184
4764
20592
60642
4581
28996
90068
19812
2386
23091
97329
44151
15153
98629
94755
4493
58767
76209
89342
96227
73880
53048
33404
93925
25602
77374
75367
53670
85342
56247
88955
80525
77362
25898
57519
98294
54893
47586
18105
73630
87028
15434
34132
18532
30414
28887
23025
89180
5095
28718
85406
95326
98117
18809
89250
23718
96182
64616
77387
81523
37214
82693
78400
14576
24943
35918
12869
79835
99855
47326
69817
3235
79111
20300
21766
9524
49186
61142
98703
70632
89859
84108
82309
87975
19268
71558
11692
15450
52526
5431
13324
89739
4475
91723
4314
29417
43992
17183
25604
43847
80860
11772
47081
59970
32071
68846
69493
97609
29988
68195
68240
36198
68654
50549
40525
87921
38458
52216
3370
90983
73998
33046
80722
94825
24768
1387
40593
85112
34921
66196
28958
15780
77967
92390
75749
10038
61235
45241
7646
7574
29787
92237
60124
98440
59137
648
86361
13947
52863
6082
4929
43213
55479
2002
54389
96599
3389
94981
81710
38309
61177
10667
70441
55495
3056
46189
81884
80642
7782
5881
88216
37568
98118
64691
36008
73606
65338
38720
87552
34552
61153
8833
77764
16632
10834
48504
13230
30574
43485
94939
85235
21013
21957
55675
76507
25012
1863
74743
22005
25996
80623
26572
63564
78740
91262
15923
68698
56599
54642
56249
91151
32146
65081
85266
65129
92267
33770
78358
22840
77254
89648
24426
14618
11604
80100
7476
52967
98315
82218
91324
24310
62841
17895
4225
41580
9157
20147
26629
65755
91140
82878
73257
23286
64310
58523
88414
72928
8644
83124
12120
85897
89123
36545
16866
727
16645
24341
70045
31311
6559
61368
71972
69399
95615
76197
27330
4771
96343
53959
86877
3835
53188
76486
27120
33849
35008
31885
23129
43651
31360
35248
45899
20483
71792
79116
37561
4788
3456
7605
52450
26366
85325
24422
95764
97291
618
39446
18413
13312
9756
5289
33498
79295
98126
60617
29495
33133
8854
52623
93135
40213
87870
55385
60695
59662
34500
14607
80801
54308
22212
33251
80673
23888
57672
92789
21178
74641
48586
39590
4304
58341
61230
37802
53987
59356
14770
83481
8840
23623
52456
18327
80188
40325
90063
57234
16338
24563
71841
97139
95222
10404
46741
75894
50643
4412
85034
88172
95404
33619
44113
99707
8311
21694
53860
62297
81049
68630
62130
6241
8604
14585
40919
5143
71261
30981
62377
3951
71895
50569
1089
67116
60972
64181
59362
27966
68592
60747
16137
80347
94366
60249
96405
2676
81942
50265
81325
79343
35246
59806
1935
60201
90742
42853
65344
78354
90185
44072
82304
62080
94640
99744
45547
71963
63924
21260
99928
48867
82007
16064
29213
76372
92664
25618
95399
90957
92234
93075
86651
27479
69232
88585
87679
59973
47789
69374
38327
37974
13445
36982
16405
24436
36726
78303
96398
649
99563
96325
49516
81569
28740
95080
74292
37755
37049
86042
28712
29282
95469
15362
73112
64700
20299
77143
41025
84439
46516
95703
22412
59961
32684
55168
84396
85761
33471
97146
86410
49385
9822
52277
47305
38562
63708
21596
92668
757
23989
21379
46390
19457
53093
19502
509
73391
96644
41533
57829
43159
53587
96593
19471
86270
68112
20219
72031
17934
17364
74792
67318
27185
43420
30974
82098
7127
68921
74766
7883
92910
12496
54273
28718
65588
90126
29226
55330
86769
87110
29511
46279
40696
42455
65750
43318
26918
85968
31700
44852
19683
22843
28521
46867
66262
59495
45317
89740
44767
20082
13975
37676
48929
84599
66394
30869
74724
11971
2550
61492
15433
32060
7770
72480
90866
89871
15797
34136
75838
63848
78987
95520
86690
23859
58739
69303
99705
4055
59043
44472
40488
73017
98499
89416
57615
81244
36636
32338
93215
39186
10181
24999
87597
34302
97478
78463
40525
13275
12598
32714
93474
7936
44586
96516
48146
3324
65818
47851
23730
24860
8674
64217
14228
7172
69984
88194
88416
6620
20531
97982
45805
47063
22980
49753
97717
20457
28215
38241
50083
57164
70954
43557
81451
15539
40072
29597
35214
22241
93799
58943
63453
18824
39511
77680
25995
25847
65874
30762
48818
2756
28743
10974
66171
68074
60726
63887
88531
5293
18479
54965
62456
89432
14873
60259
21323
71296
6207
56536
93537
5
15479
56989
18828
71341
34668
61174
97187
16893
91936
46004
19649
37030
73329
85819
5104
34055
66057
9986
39347
84535
81302
1802
73966
96175
78412
95288
67470
84618
68176
61006
974
6
34346
19801
71346
69014
97327
84885
85906
5614
47240
21906
42643
20569
24076
64098
54623
90132
90435
93969
74666
71737
12122
64984
67911
90534
76623
51732
91503
44798
29090
92477
44803
63435
28629
32501
32448
25955
17385
34706
31568
80976
72963
90563
1544
97039
71012
72518
3522
61447
66486
78188
33183
94960
59523
17445
1845
36145
69176
93347
97295
98265
85823
58449
61700
30804
7301
10499
56758
41037
61556
4678
22013
50871
11592
23556
47909
82603
96074
51430
44049
78911
45969
93583
90222
5491
11027
92066
57988
80203
1765
55282
94819
87587
30082
72870
18390
37383
99721
91500
78419
77628
12529
431
28498
40472
40339
76406
23074
52764
44188
83475
48026
90156
77057
38248
11999
88084
46665
69986
84638
48429
41619
95808
36016
71700
68678
70757
25434
68398
78608
3853
62377
7488
20635
90875
47959
60973
83632
87385
30088
27819
70859
94466
34327
47915
32713
46325
35998
79377
32662
36987
27806
74280
32795
80173
62331
1472
67281
87765
86221
62241
7969
48597
86080
28603
39471
34039
5928
39455
21423
52367
67273
92281
46832
1599
40195
79544
64275
92545
75273
13288
29531
19430
87567
62325
15954
66250
80148
83234
70366
82720
61826
78334
31317
47906
6936
87139
98296
29215
26593
19718
81582
10218
28350
28413
28168
84896
24309
8795
77440
99581
22082
23323
19010
26001
1999
34963
92250
82147
34548
62615
64866
12726
57300
12534
76983
64235
16025
75278
9802
58969
94995
91383
69186
23344
19795
13706
8239
44103
22500
2031
60035
44581
25353
95396
70581
27351
46710
79182
25849
81258
58148
7067
10335
15447
19600
87317
96034
51976
62594
5835
10945
73940
97217
96482
13635
33363
10187
38225
93818
32686
40255
53852
93619
81959
49248
64199
25662
95957
59733
67862
93566
17880
74928
20252
33327
94528
7568
29360
46503
86513
35194
73799
60452
48762
70281
90438
82124
80467
28663
75941
29505
85269
29793
23123
83580
95392
3673
9241
91348
63405
93454
1266
81285
68382
21517
30963
62909
29085
60322
25763
31949
11867
15914
8753
60628
86194
99190
42751
83012
27852
18692
12516
29473
64836
35638
13052
60227
39311
38644
67926
2715
32097
69191
351
16830
90708
31313
96090
36144
7986
21853
68092
19852
54118
93196
80479
40311
92386
39582
23322
36589
74625
35838
66061
55812
87827
95464
16038
43489
50459
315
46204
98908
85858
62906
15737
92917
94219
11827
29060
18556
50031
13503
38408
4148
6699
35238
60810
15436
74819
84131
52024
65795
36320
34437
21606
40499
29900
53995
83987
96711
54310
46542
95618
40167
9448
27706
49435
20018
39532
78494
38573
5914
8348
93332
10061
31398
44922
70870
46833
36092
71353
15209
1887
7672
49645
23492
64522
95896
93839
48509
8958
64500
95050
4575
21018
20849
48633
70452
57218
88164
65297
95791
94078
73644
5474
20490
21394
50395
91360
84578
86487
79064
16138
88373
3087
65782
28216
67609
78030
22054
16117
86987
2905
27518
7914
23922
48367
56546
94373
21936
61061
59669
17726
55138
49665
39552
91980
71058
89946
99691
71987
92784
78754
88125
97508
81840
70258
25724
49448
48287
64129
81916
35274
67034
9434
43187
90955
74152
16084
85328
96087
77144
61348
30165
48634
11012
86068
40613
98421
76013
40303
70408
85149
19056
74884
82656
17247
45141
24731
66695
93428
88860
48610
45053
72245
74395
4591
79551
64898
20674
81230
60985
14169
42578
7501
62802
69941
93568
3414
68362
85932
60068
55121
87432
95475
30004
70088
12722
75144
94818
95768
84923
29
44377
46327
88625
35124
50917
68176
21
87942
65757
77357
2111
8334
1209
64912
78275
94776
84678
46636
97060
44745
18108
84491
56572
48111
70930
69293
39606
65748
81412
24529
82128
25788
70855
70753
77263
38124
55280
77284
26065
21036
54640
28175
45722
55849
9439
23996
66976
94116
86983
80387
55212
5090
81230
28135
69552
52159
97427
9157
34258
78838
33685
16386
20978
20892
87138
98240
59015
58769
91875
1431
79804
62867
45958
25525
35067
55396
65872
18394
65863
69206
98781
21074
74295
80010
49209
60198
32168
62987
69355
66426
58177
19391
99163
95506
40282
2652
10097
15648
61420
18324
17079
57575
81190
63036
83100
32608
34783
65323
51001
645
34529
49781
38070
25175
29790
3630
85373
78310
82969
54727
61087
57497
74117
76601
69354
30751
79252
79450
46398
40671
14125
79828
14597
95314
59215
97696
27921
93997
63019
78922
94641
13899
45054
49063
39073
91196
52692
24445
85857
35660
95523
46943
9508
85992
23543
78861
16742
19146
74663
79491
76168
88787
59319
90764
453
18533
88460
28373
12530
67830
23646
23522
81728
85052
72584
37152
76247
41628
77949
62103
77287
73471
25397
86795
59462
65291
82007
92555
84436
56669
72046
60603
45456
47716
51366
45908
66248
56177
90632
95129
40358
30630
35003
38437
15681
7586
75589
8279
49213
53537
70381
42852
43359
95777
45998
19173
77419
28004
11727
61854
84673
124
22456
30128
47839
90173
92387
30439
46350
83018
25567
3059
29999
60569
41496
45679
84507
33436
53957
33719
86972
40689
92922
30330
36465
38919
49502
30235
83275
77581
92088
84299
77704
30895
30778
25543
21068
23164
55981
83769
22533
97899
86827
52532
58468
44674
98210
59326
78109
68519
9396
81432
9207
2318
28114
62024
57588
77615
92258
40862
71547
84346
41512
49251
31592
72289
91145
52659
95452
63477
52779
17985
77727
55958
86868
36194
631
85077
11871
95092
69947
21267
76523
79154
23584
4636
41177
97523
98603
49786
54737
70149
34131
96248
35751
65723
68537
43247
34733
63988
23075
87512
98324
802
59821
85191
53347
76803
86620
65218
71894
56566
86484
64769
52071
26419
85756
9599
23941
84358
59385
78677
70859
9867
91277
22961
91941
59813
66208
26674
40152
5634
30537
54828
6435
90357
56370
59782
83511
42989
24999
55405
15907
27834
36525
84329
54252
22280
93928
94544
6638
53312
89573
93848
63178
80849
16808
55119
40661
99367
98144
97164
21353
28680
51991
27787
35388
8361
87568
18898
67701
28918
90654
99959
56751
27178
84288
27354
49458
78215
21898
72447
47878
11470
66294
11055
8670
99453
82525
49330
15172
80668
46493
36524
25699
14836
80662
77438
23196
68230
12688
90896
97147
3341
90855
70250
46871
91494
97603
12680
69708
19500
85126
33937
47321
67771
61343
55990
83575
43868
21671
98746
40887
68164
51621
82938
99351
32283
76727
22546
16864
89414
29793
30362
9107
36999
611
55977
28492
98214
68656
14551
34065
70133
48487
81386
37903
26182
37375
21477
70049
59046
36575
27287
43561
4547
26576
42911
53181
3303
81808
70044
92716
27952
406
1822
64951
1016
74150
9794
15581
42805
40697
49646
12937
5535
31031
67191
31716
84757
88668
18116
43802
41594
61755
3714
46140
88330
46624
15673
91632
44783
85716
700
72735
2473
2521
54037
19841
93023
63830
35421
35827
20878
1418
65116
26413
48800
32306
58128
33557
37325
92596
77358
78918
54350
97424
41410
42679
60399
57082
50663
5182
59149
51362
94268
61622
70234
48304
97814
63256
28485
49586
15435
49363
51004
96902
75775
99803
29207
50254
33359
82884
59201
27069
78153
13550
24492
19562
72581
84890
92995
39595
6423
68496
90956
690
46469
77541
65345
44282
57149
93830
93867
72583
43192
61222
69484
35318
61025
15042
1923
10735
97925
61124
54155
76078
91025
94998
11991
79957
96240
21338
19551
2662
89833
26858
19704
36301
4399
85048
96934
61547
78877
90800
50481
38420
68374
19964
90089
45750
35005
92012
56484
49282
69487
26991
25359
76863
21988
37349
56820
34579
58686
92722
37241
64870
19580
73296
1170
23978
58343
98103
1876
53572
5255
52356
8343
73628
88671
98432
35729
23675
6795
92212
72956
92633
35554
14666
69495
57542
68367
42666
92120
43404
35388
45712
8274
71319
35359
9443
11648
93702
23898
13523
63625
45504
82230
71967
35483
70900
70398
71211
10926
77192
79774
83882
86176
15328
14899
55671
89221
83265
14688
97692
26669
66427
59756
34942
37745
95114
60736
65744
5167
985
95618
68791
62840
77847
40758
98322
48746
27507
85884
76024
21051
65658
76257
7226
97337
91155
79248
2909
74420
93936
600
17440
76714
60355
52381
14459
55469
29468
80202
60635
30453
75820
45778
93292
70018
2887
7966
35116
46745
10201
11139
67795
75858
87395
91373
89546
94901
70620
92454
69320
80907
93054
86759
57621
69760
55491
88431
41580
1311
84984
18567
48115
77155
64344
57758
47173
83582
65723
82288
30326
75924
9778
14473
68133
97172
5845
74031
8424
92816
66484
77744
90075
75889
80854
47695
62001
52697
52477
3580
54007
37460
22146
2121
14615
2841
59878
61787
2774
41953
60426
33100
34228
70203
47572
2360
83726
69768
76390
92149
78935
59226
86244
69009
51466
83450
33055
13466
52498
85531
17046
6504
22991
55543
24976
37605
74736
1205
15743
77509
43157
92520
10608
93736
79074
74531
96096
62799
60650
88837
71299
39585
64414
73895
24945
15880
73696
58000
29345
26193
43530
62742
49048
66520
18285
90375
20476
93020
91579
36218
70528
51088
28737
97488
44823
7810
88370
57270
86960
49020
62459
74611
4956
26872
64857
29900
59103
38552
87899
88448
81096
31429
67541
30143
14300
85825
20517
34776
95196
28447
87345
65724
79534
32434
79563
40709
56595
67932
14330
59907
33303
76788
50869
38258
20012
15725
84510
79114
70628
72408
83913
51723
20188
51454
98217
50840
53630
35085
85615
48826
63531
89311
30901
59417
38096
10463
16477
94691
94746
30806
70949
28049
7594
21817
82658
27605
53893
67167
23070
24520
55927
6983
92594
92466
74788
7162
43305
28417
42246
45271
77242
22128
50934
8142
81544
89029
34956
98020
71
29702
45178
71019
74102
52771
9187
56759
96727
63079
40278
36148
3950
12556
59482
12895
21373
34269
20056
64678
62686
78653
26300
56279
781
77233
64421
82324
82614
15728
96696
82684
45429
41873
70055
35882
10995
79241
92641
24073
58672
49270
60220
78973
78177
19702
8220
99549
70322
44627
80578
33007
23280
6878
5638
24060
462
70058
22735
83075
2137
19430
65759
47566
77654
52165
83447
5000
47757
92439
29072
22780
58060
5644
18105
36236
41697
26324
52137
12018
70950
32714
61377
94229
39591
67014
34640
40053
53423
57375
23127
55559
93156
5237
19476
87162
73753
2923
92161
21510
11713
37585
44289
86125
43228
62393
38712
84924
5068
90848
96941
76018
23562
74669
86598
79504
41682
21238
35908
95104
94964
75387
67015
88119
80623
86490
75280
70728
5764
83793
92237
17477
21377
52877
19953
64604
15270
58664
65879
36689
65864
79171
12706
89425
53840
15656
85280
95521
53245
21188
6977
48208
96574
73991
52678
93548
60480
27958
64275
66244
11750
72863
72
49478
25740
20024
14081
57361
95039
96311
94049
60902
75481
23107
66678
29320
38762
68310
41193
92006
89497
48169
56565
2422
38511
9242
12321
15342
53551
92948
81585
81652
65810
98008
31129
91549
34383
45209
65261
29422
41519
59310
6675
33352
98768
89705
62671
37529
58014
20215
45886
63862
84735
2450
66283
23245
28043
94955
38587
81594
87902
36523
63245
53712
50883
94374
61612
85265
55934
43225
31038
13805
2534
54065
47156
17653
43769
26178
55181
18134
46393
17418
81995
31127
19867
64629
70724
47909
59583
9310
45854
47485
62184
9099
17548
13066
19824
79159
14683
75757
22383
45720
89561
41268
99784
53068
58920
59904
79246
30452
78037
25638
47869
60031
73116
84087
41011
43839
48348
594
69500
94201
48078
31684
19651
81977
61101
39474
61135
75783
15231
99870
37855
21143
41137
53990
74211
16409
13894
53456
46860
8282
95445
94729
84665
68560
95167
25675
12399
43514
42620
81898
54067
7049
29933
73717
89025
91034
13191
50160
83168
44773
66381
21022
82267
7517
91364
56477
40277
5257
26284
87137
29890
21728
98217
14554
6640
9735
56581
19038
53249
99200
17287
7315
6249
47220
97383
95273
54605
26925
61784
37772
71697
28164
75146
53964
52033
66509
26792
92309
88117
53076
79445
18006
91155
94013
48912
97794
3748
21844
16831
73348
21043
50470
97014
43643
97689
94396
38916
68645
21321
17051
22768
9369
45215
97913
79684
97247
80773
6476
89555
68889
59551
85352
3247
67057
95716
68510
64851
99463
90353
98033
89162
27747
48502
86175
71390
62542
96923
10305
31186
18243
27355
70306
43963
88921
68218
23647
86167
65343
30122
92074
50583
6024
93777
53829
73080
89492
38690
54282
5307
45394
68667
94468
73141
17168
96995
44530
96062
93917
71186
43599
12159
14892
13904
56121
3813
98474
96119
6331
63816
26240
14756
14398
32263
8532
84579
21695
14376
23268
75976
19682
85014
44642
30501
58154
78162
27495
19035
90575
21411
90220
34173
49921
21463
64429
22394
41627
62902
18512
64310
26717
61104
79065
41114
9718
87597
42044
31412
1972
65312
23740
38005
50325
84733
68505
24830
62894
12352
43864
69820
50114
50435
20345
16387
88249
84773
55132
29876
47674
89995
10537
90742
51098
89601
48207
60816
93549
90251
8579
11872
71914
32318
49876
38590
17051
34733
79771
96296
63436
23634
82468
13549
90420
2812
46287
95020
87584
1418
41247
51609
7765
51783
58702
58862
57736
6908
36029
51284
13510
44608
79508
1775
93277
45735
40364
26679
80467
20134
39327
60254
60119
21794
90155
66890
24605
36441
78262
12188
54211
19508
80148
61975
71291
38849
37188
29026
62108
89569
96661
75618
50528
76168
77392
43804
21903
34108
86835
18721
70593
26161
78975
47064
47954
69129
30305
72558
21921
8566
1097
76131
28074
81244
54457
15716
36444
91645
61093
98551
97565
57753
90520
48092
33921
84264
91895
72175
34723
95081
90895
21667
21241
69869
68730
69194
55349
15387
58103
93622
23952
59199
86104
68377
56794
40561
84092
93237
48557
45184
8140
46121
19289
15011
94212
53209
99274
2458
25383
33996
97539
32629
55663
18779
18850
40744
4325
74198
56130
62427
84171
96434
21626
70275
64810
94771
10835
65254
88008
75743
26789
12499
21863
46077
27509
32426
15637
26783
34883
57371
77130
48773
90000
49144
83904
8849
6240
88228
99398
78721
50654
99921
75154
88631
70195
56316
83402
97381
37921
87761
73123
81061
16611
94985
27138
44119
27410
59126
87253
78644
32849
80735
27417
39200
46230
11320
64400
52469
15899
63797
31190
82904
63717
6343
87887
50263
79010
87640
47643
16930
75400
20765
97991
8362
15749
41480
52480
59510
16957
56085
38154
49805
36819
81922
89004
83048
9593
53403
51869
25491
33552
83058
24746
13620
5752
12632
63883
84762
271
27877
18043
92022
48642
32385
16735
80742
73864
69215
56604
7173
41651
11109
56977
78469
93030
62333
77868
18974
32087
29736
60816
65638
29145
85561
95610
34897
14545
75844
36010
31167
3720
54052
39541
52361
86437
56275
49455
76652
41841
6058
83824
83491
17166
57153
78311
26547
19485
56179
45520
51571
2266
6335
33561
31411
8247
29170
82659
22791
5013
18668
70310
25084
72719
9850
77445
75507
66124
43251
52159
7965
49308
52334
91455
82825
9486
86118
9371
45322
42296
71242
13245
60913
93928
63157
8675
2174
92326
91333
41317
13690
10000
11626
38773
82719
21475
32569
58225
3950
75819
26735
28266
41478
79069
36073
24302
88554
22190
33672
50228
64485
21265
63472
41749
15192
26628
50424
17366
35305
41756
75034
65346
51756
86659
20470
50826
24485
53039
25402
28434
45209
52137
56700
86687
31205
92772
10988
36110
14961
61012
86337
95797
82276
66160
53897
97468
9139
4320
31185
44443
46076
6218
9788
14183
9228
46610
65008
33712
99648
90409
78497
44856
42545
35196
47894
90101
44319
58882
42563
75631
36245
28899
87779
18520
11411
41676
32339
20549
62347
79875
81344
8422
2444
7483
38956
11671
54092
3963
61734
53739
10724
40231
14947
69620
91778
62840
59721
36097
38073
2283
28079
74317
47533
32210
9189
58943
73885
57879
95844
36231
54106
77187
61005
56549
1021
99960
68220
55113
20275
29953
25203
30998
86535
56501
617
78313
19341
76689
30761
73765
78971
58839
64434
42856
91048
73622
18150
81284
47852
13993
17515
1957
7531
94871
58506
24904
11182
43077
80016
31456
89381
21570
62453
75916
78071
79422
54228
13763
56110
1340
87527
51433
60178
51960
94288
67578
41933
12437
48861
89785
42782
82727
91741
66664
77597
66598
91567
5131
26026
87934
36586
31759
9504
15391
7674
87574
94812
78253
1336
67273
79592
5214
18705
56121
57174
29344
23698
15458
58133
88911
5242
17266
71637
13335
83929
65586
96284
91848
70716
22310
79781
23653
70420
89284
39043
78093
93209
50206
72697
10896
33831
68640
16110
52535
41112
89635
98231
64810
5092
56363
70072
26686
73628
41708
56372
73908
23645
52655
65755
10712
91316
61888
34365
61735
51171
89759
56179
60732
39965
45227
71627
73795
30218
4088
42681
71330
10074
40911
52491
31518
13625
22562
58203
3604
64269
14574
77512
4266
83580
59618
14977
74896
21505
49341
52982
89028
55452
9161
49759
95416
70739
37737
85562
957
41825
28242
72286
68250
85505
24776
99767
15481
47337
57969
19085
27957
88894
96596
48574
72474
56213
63551
63721
77718
29243
16702
83097
84694
42214
32855
96461
12953
86943
98374
13909
45119
26616
2546
13369
28472
43673
13135
43952
7361
87456
79388
35317
76349
75983
243
65174
48548
80145
28894
42617
9387
45596
25713
10433
4161
74919
23245
17113
61861
21619
47373
6980
64586
49918
20348
9409
93590
33482
53360
17302
37289
49100
52619
13638
25082
69213
78811
89981
49357
7705
32597
75095
69652
74661
1879
73812
49579
25124
7277
11440
63094
71001
34771
27679
20919
55118
37087
30860
4951
6798
48162
42240
55897
17132
72229
97331
2696
51039
87311
52052
75095
36260
27146
61098
27272
29025
51262
76851
70500
58538
4642
33593
45890
39412
61271
83160
10881
14709
30372
15831
21506
94885
74422
93755
12016
46650
7437
14711
97689
94747
83114
89135
47358
10259
50233
74630
55635
17846
67832
26134
92735
88825
59726
38624
28236
37348
21784
55468
52056
52155
71298
89914
47039
62072
20
75406
8721
7456
6468
22761
18554
89581
11896
65912
16191
78480
56893
71826
96325
41076
14311
5411
29900
90389
44034
74487
27736
82169
29954
96144
34323
17603
86057
81361
79674
86076
73118
88395
9883
79585
11155
28436
85517
39402
94347
1708
34233
67591
89885
46909
8666
20547
52319
54917
10935
96353
29403
38671
94873
75708
51166
29196
93311
37222
26908
72984
39649
26
77730
49531
95962
5237
77966
81479
44638
88665
99538
78871
72607
5774
25779
97625
26320
94450
52541
37255
7154
98296
92277
2026
74003
43442
31221
83665
97015
58129
73001
53015
74506
67082
2545
70467
72318
96862
68297
16956
1878
84186
12178
90837
89959
54308
88461
16279
48757
57353
69885
55910
72000
62161
57936
62355
5602
5508
46019
18968
63636
35371
71982
54493
2453
90878
41312
74770
4091
25960
8077
5969
10146
36606
13157
104
90914
1617
32734
56022
58969
2618
11932
30969
81130
86219
93323
3083
91726
55693
22050
71714
91064
10383
26206
9868
1260
83869
84637
5351
9829
9066
27671
36326
45671
40827
36429
52936
42443
85515
8958
17763
4484
37241
65083
1966
23459
74757
5048
15184
46802
43450
3249
54217
53832
45807
64084
55092
29675
48720
76794
55855
74137
4464
92180
19808
45290
44961
72743
4084
30475
98052
21846
51310
35292
3281
53275
75102
94389
74675
6638
41190
34476
9886
95406
4659
55692
59489
76102
1719
24561
52895
57573
98697
57358
49753
34856
18999
11065
7599
23082
57891
22002
44928
9200
73646
64560
78827
48747
58948
69853
71736
138
4328
97974
95543
8986
70017
71384
85088
71735
95944
54334
45660
10992
11692
11764
45848
30690
22828
53446
70124
80718
91799
15051
6269
65444
95962
85095
30543
54909
54947
2278
71398
59274
16603
83293
84612
86620
54676
69699
58354
66971
24032
4013
77962
52075
32128
23809
99117
54955
93606
69240
35672
85405
642
41941
67200
96603
43387
14094
67863
98334
16372
39261
73959
32974
22553
74922
35945
93580
60972
94299
60550
1356
14663
38511
53430
46791
78672
68898
18097
72277
38137
53769
74033
55130
12061
41233
68084
71799
55326
35947
86484
88049
91559
76795
37375
30463
51716
73319
40394
12688
83969
943
14043
98632
55805
83824
61774
50828
52722
79870
23105
7210
49990
97137
62340
78402
54721
30423
50201
10047
82721
53036
14447
90631
29830
68173
21093
81546
41492
61486
94233
41812
78780
24627
40443
50937
8450
18568
1764
61171
98438
41220
84733
64779
38357
63424
43181
9429
10198
9733
35827
92919
62768
50274
99901
92598
18446
20994
74143
76289
98831
84727
18101
93963
9353
74895
44899
34154
93463
63014
11677
8252
4234
96409
73030
58942
59832
32562
68370
70029
42294
20549
79299
21414
87174
79200
14011
21971
16545
4505
98260
15375
5583
32712
25689
31287
23958
86939
65440
17420
49953
77116
42023
70538
89876
31405
29479
49707
80318
14200
36088
38964
51100
15386
60377
38273
10937
90739
60244
27481
11595
74855
59208
17177
7566
84896
48463
31523
71835
30254
65295
38139
7370
23669
8676
97245
55073
54506
63304
51743
85057
15743
90706
36157
47480
51082
90781
58417
58172
51024
2249
69766
25878
61456
86942
49795
62704
51756
97670
50890
82009
79316
89028
5730
2984
14055
19327
74409
84912
98982
26151
69968
14724
33208
22476
62203
641
13257
36971
58812
80632
39220
28577
22862
17027
31870
72656
79730
99977
86677
46971
98337
65992
52350
4067
85328
66404
39745
76088
51315
38726
18590
37635
69801
51797
76462
32003
52437
89718
68974
27600
70350
24545
56176
93211
41571
4397
82218
37653
20725
85247
84623
19061
67590
36973
39479
52917
19728
79223
45356
87395
34300
63945
41381
4100
32093
17842
52455
881
7560
37780
28480
94261
62324
1007
3823
20246
21755
86040
57898
42479
71286
58873
61540
55228
95845
1018
8144
31924
96593
69852
19318
30892
33796
60698
51344
82241
78540
20150
83121
2451
57929
27953
96711
36604
28959
16885
73201
50714
2924
31099
93192
90562
6323
71083
45789
2167
72101
70284
50442
85045
40135
69760
15936
90283
46809
83631
88875
25348
3780
88347
44150
78060
16299
57212
31015
61610
74096
4216
12323
77020
51666
21866
83933
57988
92949
46073
76506
81401
32708
26947
66445
72843
13058
98732
79477
59867
82363
68351
1566
2494
56697
45716
96906
89348
2927
27920
50957
77023
48487
63279
70394
16504
1496
70678
74491
10796
16750
67348
92196
49457
10647
74992
38651
23704
73724
34479
99922
72438
19181
1488
91283
75878
63555
88188
81577
82833
32460
32533
59855
97298
12163
46600
13802
13658
17277
4644
40806
50378
71992
33001
99835
98990
24345
54837
39045
14420
89316
38967
86857
8496
56806
94491
725
20360
99031
82301
3192
31490
14833
79399
45139
26995
25998
58940
57005
59627
63584
97810
10004
35575
47162
26190
34564
71506
97379
89960
85925
3046
28926
89133
11541
85731
83624
28618
22442
99006
27270
41986
46847
42103
21384
91985
85449
63733
50925
58805
39711
14508
72966
49715
66434
20128
92256
17349
7985
89634
7308
93910
92679
52586
99394
20572
38316
99369
65541
77110
98374
92810
19095
45220
34912
56830
37205
36713
36914
4481
11869
76625
18988
84835
42691
1773
4962
34946
19121
12946
40932
42780
23207
49962
95365
38953
70533
50033
38321
52425
27142
36695
45235
62588
98266
80146
19417
51822
33210
56330
56302
45079
49306
75289
29913
91996
93413
51226
26942
12533
80523
84225
55313
3730
34186
67029
42682
21071
17061
97354
73495
44202
50400
18729
6789
48666
15227
42557
487
64788
15239
56789
9866
64544
48429
56130
72892
41842
7355
16185
70726
87878
409
42390
7959
50946
9419
66992
72016
26479
80697
61863
87033
31097
96943
93821
96114
28521
52730
96600
93309
84320
69740
19526
48863
34521
92008
38106
76362
15714
54290
63439
19943
54698
5829
27901
5644
15247
11244
94011
58077
91941
72225
45109
39389
69168
55282
35502
14040
8011
48453
7348
92330
18193
43226
57544
52713
35233
95650
45426
50946
49939
8864
70889
20989
14692
15141
42984
46290
42737
36994
4367
51029
25571
65827
90417
11090
21108
42270
25129
45470
90722
32477
54151
25266
75702
28047
77978
27286
23696
39755
78231
89986
48619
65471
27326
79662
96964
70309
42304
39700
23655
63022
90728
65577
28848
97496
76666
49956
39765
1794
11777
46838
34270
65928
72104
26323
93974
50081
69960
34021
6188
64543
40358
54806
30013
67684
50819
43328
54344
93122
83027
94350
56143
90106
59926
1343
3953
36591
51298
43717
38385
63074
6907
89006
45353
79010
31681
39326
45442
1640
89698
51629
82534
30056
22786
28899
14091
73605
72226
84786
83078
55253
79136
55573
61710
55413
56915
65663
92004
24564
25731
46740
3989
32637
52097
49342
11646
129
5019
57088
18121
94717
25068
654
41124
47854
29552
71566
37810
1778
56351
20887
73382
51838
76459
51443
7251
49725
33457
15606
74288
59188
78697
78277
8176
47145
43970
36174
47274
48988
9613
65394
60056
34680
66047
17531
82533
11951
89096
20342
13728
61799
57581
3461
29988
50391
54903
53590
116
88360
69195
74403
63899
64243
69031
88426
11388
13000
24599
58661
78340
34211
40406
38395
85243
6452
55926
84127
34754
61373
20821
48481
23171
94753
68293
53159
45143
23196
6748
45258
27907
92295
36013
91805
72889
21395
80230
84276
34395
21181
59288
29086
71743
99693
83832
56985
22497
56109
57464
57250
17482
78284
22083
57004
73036
90375
26514
34530
29922
49614
79788
57828
58260
32152
65984
31148
53546
46214
31776
4292
83746
91063
49729
55488
7108
33561
28825
45956
89669
86288
19557
7150
80923
41639
80506
70310
48366
7019
4839
78287
56632
978
36115
14891
33129
2098
62391
3027
64663
94166
23670
48408
1580
73399
3896
8687
6959
32720
70994
96627
35359
90551
20129
16281
32189
634
86590
80554
7652
91428
58841
80636
92406
11307
11878
41886
13404
74268
61264
94419
84785
1286
42826
86365
74684
63073
11403
97994
12144
82397
10972
47502
72947
31100
63782
21487
31733
66723
18393
55737
58151
77233
52724
66908
4891
64601
25145
34646
55221
86409
29064
40005
4046
88242
26369
78729
51314
37772
93074
63458
36520
4045
10959
9466
35145
91093
47304
83229
57815
65696
55317
32317
59280
8040
15576
64170
88993
40721
98816
44213
43481
44231
569
47526
32472
26938
42606
83786
81061
35679
63595
17580
39723
90905
43397
91219
81997
7052
74448
56164
72748
46116
88480
32027
70508
20408
12549
59500
61128
27716
20064
20960
71946
20632
68485
4418
63921
11090
4555
61333
63120
84501
95264
2842
75405
55012
94061
73754
62064
84860
46269
34811
30975
51100
83189
1482
71507
95737
77333
32634
23452
13748
69945
95398
34380
38429
16167
14652
65870
37073
75985
28989
37925
71248
48183
29681
26260
58595
19786
88323
43454
66054
39485
90780
17154
22673
8614
5012
18410
2298
53998
58213
16046
23942
69962
66777
62371
86128
81428
44592
39552
57412
89933
93828
45012
38115
23509
87623
96709
43294
92297
56514
9348
31781
63645
42853
70805
72258
47864
5566
74556
18213
63779
6953
42155
33740
73729
20877
36220
55156
65468
92123
28920
55400
85951
90283
9866
9459
77905
22926
69104
86553
79439
94803
34685
43084
37655
5489
31693
1871
27407
22600
36435
7537
29552
78589
41276
3280
99465
93847
74788
81285
2322
3707
53036
88272
10341
62902
14082
4597
85827
99537
91149
81618
94340
42185
24701
48346
64025
56393
66568
91431
78993
3003
98967
24896
81591
56595
28176
97408
66793
2963
78692
69114
23021
31727
73737
49713
10980
4170
54309
13159
3707
61809
94776
98046
3993
19476
46391
68017
92220
29311
75800
87564
32313
91118
12460
30255
47712
56987
27662
30857
76301
22705
99970
99321
70784
73707
49033
81763
77876
19693
94921
97934
81501
6048
95979
85493
25523
58722
69861
34095
88032
62012
21658
36696
53130
50469
66950
17193
7455
94612
48049
83755
33668
48019
99427
4451
38077
64811
2566
32304
84503
13838
30238
82355
19886
42568
67847
61760
17641
54060
95854
22024
16071
33864
58719
85552
684
25669
2745
8139
36632
50793
8245
70299
15163
24024
91102
69591
88834
93667
1895
89689
23856
48484
72043
43741
7403
56242
21853
25044
10301
17706
47067
42723
67921
5786
44627
68605
47806
47371
93095
84437
14515
17691
54735
46030
41714
45836
15620
46900
55854
33866
36588
79710
82349
24982
39802
89752
81223
61654
31147
7875
95712
78213
66950
63632
350
11576
48588
48155
75298
58034
32591
89812
75725
3678
52193
33790
49513
67813
97041
21719
1678
33628
1428
379
58610
41229
90130
56184
19235
37628
64059
14946
15840
31008
94929
16190
58935
59869
80696
34232
17902
13287
40395
9978
16964
92588
60120
82828
76752
57160
4546
78429
7140
22325
95159
82101
79906
1640
38284
99140
39267
2342
14085
55107
49701
9013
87648
8635
68881
68343
59218
3135
97981
99613
29464
31296
92200
89583
30476
85303
46743
51373
80083
53882
73698
75242
35982
53603
76881
90617
52742
16148
9311
83178
87606
59011
8542
91605
83998
93775
76299
43215
96909
90632
42827
26372
21927
51378
15955
68754
36680
79049
20127
33115
49282
10176
8356
1615
80130
1588
92231
49223
34087
1541
32400
21692
76904
40941
29648
60901
34715
5947
20467
47975
96578
79646
74347
34856
31023
6653
3610
84055
85701
40088
17169
51334
50263
41876
52948
30392
43463
61530
79614
77550
63071
28365
15593
56326
69305
45241
33578
20372
67539
54044
68346
80468
33689
59044
31675
81064
65696
51636
65118
67748
91723
98638
19081
58337
56865
88380
5080
327
49910
84693
94228
29332
29409
9821
85657
15066
71413
19234
35437
55303
89629
20134
52122
23318
79178
83796
4381
61225
51784
85850
45325
59858
839
64405
18195
57703
69137
23274
58029
19046
24319
52257
64729
70079
78429
50385
85144
66193
85970
20580
21495
91950
57066
89968
15267
52595
90115
35999
13819
41898
21848
59143
1756
22686
39900
36302
80388
9036
75927
54769
44433
16597
23377
9161
86676
1805
75897
71819
84349
78218
8751
5843
70167
65816
12162
1786
18410
2276
37784
48580
44174
75984
24075
62281
98669
63974
98582
95409
89361
90860
50177
50145
7457
73553
75657
94132
91709
51553
65950
76057
46122
74700
98251
32640
56867
10412
34425
75276
29039
88561
23856
73212
64544
47930
35492
79564
28255
50425
74972
33967
41285
41500
84111
48741
15052
59767
59224
23112
27671
41525
15520
90144
16225
30122
22783
89443
40533
73560
64719
69572
62120
4926
59135
43015
69207
10979
22578
97461
61403
97550
47779
19039
39049
31889
84131
70453
8007
43354
9916
52029
84879
25436
42172
17455
55557
81306
6897
12442
71217
87967
98365
49688
92892
73851
92702
62098
84829
31632
75910
62584
29181
40040
97974
84581
71928
82105
71385
96286
41810
81301
64666
26688
6736
6837
60494
78644
4495
83743
7437
75711
71709
22153
41751
80953
96004
34452
59402
80832
66083
51664
59767
11615
91703
57741
96196
79983
56197
83932
92620
98006
65232
57286
41046
88319
80474
1539
83315
84968
1633
90751
77031
73342
12904
18781
70646
8907
69584
30047
6090
52019
98062
82209
63633
89765
39949
76180
69747
12497
60112
62366
10502
41695
19651
51547
30014
16477
69438
13328
1444
87422
20430
94826
77115
49685
29958
47760
74943
99542
94159
81033
51560
92220
79593
31544
81984
35893
7724
68082
48389
84187
30448
58890
25881
66450
26789
55894
82926
12578
85573
722
99999
22355
11899
77114
72039
41857
41225
46982
41398
35383
44366
9309
27603
23958
40852
25938
59850
48575
94020
24590
32761
40819
99831
74994
23620
42971
47239
22898
55548
32812
23619
71899
55166
51869
65364
43556
93725
6588
90537
51474
58323
34902
60782
2277
75211
1634
28214
51412
66560
22233
76001
15673
79403
75832
90666
3023
18802
37904
25920
90702
87067
65890
62600
42232
17758
44315
85788
27835
67254
92676
79308
25576
27578
40090
27852
19140
41723
72418
70552
24634
94650
46552
40306
90405
22383
30971
93427
57537
85227
35698
48238
72293
17939
27189
14525
52048
71503
16664
79882
38756
25691
59190
80684
53268
15631
8535
88760
73705
80952
59311
98338
91954
5862
38644
98710
44597
85966
8488
2133
71192
44185
66722
43485
78475
93910
74361
30522
65412
91024
26756
20519
33066
2297
1202
86334
17927
9737
91445
91631
7040
50755
89968
15345
72968
28611
14054
33916
30929
38893
52400
2120
83077
19121
45604
77903
13030
19964
24777
94793
27339
51532
15312
60405
53828
16513
63090
88106
42601
70886
79736
65993
21640
86055
97689
94607
31018
28095
44875
61946
66987
97274
64065
66416
16395
26021
44318
29424
45984
69094
40569
89675
36977
55880
66431
7156
88744
45872
11613
31345
16757
91348
13689
54748
93755
11377
65706
24772
39471
10580
86717
6458
7854
50781
72873
24248
93153
33542
70023
55489
18988
10591
45163
72316
82822
27945
79472
71566
73816
91084
2910
6924
98784
16598
61671
92538
44326
27376
17309
83797
37956
20377
90254
45809
87509
79478
86408
80662
13019
56430
36150
48358
83373
97664
20674
66194
25608
145
37759
15775
7580
57020
39050
22715
89969
720
31604
34295
44447
65264
34443
82402
85640
24696
44562
89501
20525
30969
70162
49895
3751
6311
98253
87123
20326
18926
69668
45933
35422
23779
78059
59353
97150
17108
82068
87119
34179
30023
37765
78625
95287
72207
61027
97278
13254
21940
86778
50130
52909
56939
24
73011
79601
98276
76485
99926
17201
46152
62210
68974
86282
40268
28327
83432
73727
26746
86902
7905
56768
24666
86530
68406
13224
63908
65684
42829
85847
68813
92958
55107
42104
92981
44469
21704
91257
20953
37982
24809
83457
16543
10135
69738
73163
38461
53169
46889
81558
40070
71146
54677
81087
74027
23083
10662
37934
5118
53490
40132
90282
46447
11591
32385
55780
56059
70441
63388
93364
8422
4548
76820
24964
14682
62909
14478
69494
16078
61367
51051
72499
32512
5728
69938
22890
45162
80599
60823
66631
50441
17306
56912
13239
45248
89297
69018
1307
59737
48757
94670
84510
53305
87841
25825
67986
50749
40303
37480
83178
18021
4882
72029
66884
26961
41966
89773
72122
38916
66947
38752
5708
84252
95664
18947
29500
1312
4316
47158
61048
53073
58179
61909
6377
62371
87733
90714
13119
44387
44545
96297
62407
49427
84677
29290
76387
26642
35414
64861
81909
2360
3612
87617
2964
15627
22915
48815
16938
27230
95972
94337
96654
70502
56245
3030
32872
60330
10096
45990
21068
54640
58638
99827
20418
43314
45468
96805
86307
80882
78017
84568
83241
97980
72184
2556
13607
11450
51370
46896
55031
63693
57585
51685
34194
13829
71066
67065
90510
81161
29407
27930
52153
4396
27756
72570
64062
73223
85726
66720
54104
63742
51287
53697
61722
39822
56252
91680
51271
23974
38575
22654
87666
96159
74338
38212
26340
61755
5276
33201
59268
51034
61130
11420
71782
88885
341
35843
78460
86067
18914
32563
66160
70201
2611
44233
10022
58863
35912
77645
99188
90839
298
86853
3349
90987
41416
46040
52741
63044
95593
28360
14077
73074
39779
2210
78311
56472
38052
56770
42538
56966
89332
25049
43518
91943
69282
69891
67157
21545
47535
82696
12383
64184
85900
32084
55170
27316
94475
24263
90359
90067
52622
20787
63141
8753
22997
41451
65224
77400
98220
24113
50717
3903
49161
94234
12197
34794
64125
95705
56339
28011
78400
85073
8547
64300
17156
80068
7967
27983
4330
98325
18049
73304
19111
97541
98408
58459
38991
79983
35859
53562
4095
2927
57465
69607
97161
69661
4401
77637
81718
60739
21999
60117
62163
30545
40768
95671
26965
48734
23653
47646
63410
41701
20949
82521
39242
35708
57331
94584
15690
9541
48146
19784
12468
5610
89391
9628
91622
10143
3616
73339
70881
41966
49808
49395
88863
90575
45065
15827
39309
68717
63472
2718
10418
773
1590
66011
36480
75273
60594
52170
84813
8739
88305
97280
30700
94047
23259
38674
4189
26874
12012
91421
85192
61819
40816
74054
68746
85880
89880
8054
54597
53351
27123
81366
54123
45065
47376
90603
20337
24321
59124
5149
33060
47428
2429
80111
57827
25687
18784
62015
68913
30796
53436
54104
8966
10603
28157
77711
96482
18036
2116
67430
87738
45591
48795
41861
90655
12522
48815
10991
36843
24290
32491
69902
88069
34919
66364
45895
76958
85148
7910
45870
32295
77697
16325
57612
4651
44481
35323
1132
78868
53790
68562
66605
99380
33708
24817
90034
46230
89983
17376
83072
30624
49867
69325
18693
1137
35688
64587
78094
37187
88848
40315
85833
82896
56639
43445
87546
17471
95119
5030
96338
48908
89943
79295
64640
23650
20463
54673
86231
26798
88401
69302
57421
38267
54978
92465
55755
7018
57052
50201
44204
62251
90515
46389
61499
63506
89833
49044
80976
1303
70425
93666
50210
60367
89312
14849
369
9774
85874
86599
52923
74274
72253
10344
28892
27230
2808
84646
34247
76211
51198
94803
54814
41713
41191
16312
5218
47375
81707
2545
48677
52132
96210
15238
28850
85521
46439
29218
11647
32312
15817
64569
22937
4421
91264
68180
31650
10424
69177
82249
2986
20375
77051
57799
62087
34593
90462
83656
81967
72169
86200
46995
40652
98762
62232
69501
84282
8670
98719
12280
57333
30887
76849
80269
35307
84464
64800
83308
11239
33977
65556
14225
54351
58958
88375
32789
93550
78837
32796
91868
67357
18995
38862
8008
17756
17446
77508
18390
26115
92578
30669
83448
39816
23869
80068
75122
24685
44868
58430
35923
95196
40337
66499
49546
15647
54874
98686
9196
50062
31481
17416
33770
66827
72629
41777
935
90074
35636
19324
16189
44566
66344
15988
84381
90213
12407
75855
31249
57274
34284
67171
68821
90972
33670
34718
6618
4895
33403
32166
71308
81235
65933
5077
48062
38561
46853
48996
28635
98840
84671
61175
43405
51014
93514
44138
57578
5920
19992
88826
79546
70627
55997
48366
61598
6018
83084
84568
27264
32838
16733
98571
14073
99017
3647
62134
37577
66851
27481
82563
65690
12151
60089
25447
63164
53602
85936
20742
75874
5927
9567
55419
76553
81915
20136
54502
87932
19571
55421
15195
52409
88505
30117
66481
87521
33763
44966
41450
613
72446
24012
82655
84596
84101
24453
64111
54054
10388
84852
29927
32666
10771
1697
25570
92685
21833
96423
96969
41403
51844
28515
93811
40348
58632
76643
44221
8746
21608
85670
9359
10405
9681
8365
11352
10133
32817
75463
64187
59556
76666
10465
92221
87436
12162
34142
96473
50346
30564
9793
8100
82407
54659
18263
39107
29642
94905
83327
38388
32865
68996
64098
43269
95028
72462
70973
21513
21630
46435
85699
97537
23100
12515
6109
26888
41028
40250
39712
91373
70813
49504
99473
69572
4162
17735
25030
50156
28991
8356
88543
78207
93703
52640
37828
5082
41453
8800
26594
63082
55234
28644
60618
94685
57511
66726
37924
98538
23327
77635
89911
94139
43490
5735
80062
64004
39821
5091
14159
85163
29798
2701
63370
39852
71692
1197
44934
13144
26348
87879
92577
97933
16523
69546
8969
74033
52623
46893
88922
75949
40879
95184
86439
84369
918
66501
48372
57090
87943
62530
58605
34093
81582
21974
73944
69625
39522
35229
99120
65869
23108
91696
80153
55982
77593
89121
46366
30215
36013
35287
22515
76892
46823
8953
77612
64092
91805
25983
21182
96100
4864
79786
30192
2797
18111
20487
72421
57632
55716
71540
39852
95175
79587
20004
51156
57179
25476
13873
3745
61489
65511
42611
54732
12333
51563
32343
76425
59720
74677
13958
72171
95892
10095
2362
15040
28205
22848
87460
2188
94915
75351
58391
90089
71289
94746
41244
44819
20221
71468
64915
81709
36979
7525
52792
65663
75439
85134
58439
51510
76162
72396
23680
72053
82490
42393
87092
27046
65241
90903
29233
60155
82605
87623
66596
70245
98720
24191
31415
18941
95659
96329
17001
48989
3853
69793
31003
95644
71278
89442
47153
47440
61837
87185
35844
60679
29577
39288
87724
11169
46542
33309
87676
45499
37283
54271
15743
36003
78461
47158
54943
74119
59838
71943
39459
80043
41735
70462
75686
13013
59903
39190
76804
38091
26374
28999
15121
55951
68286
19197
67119
14828
52505
54794
60326
89787
25416
92420
25789
3877
39577
97083
77995
15767
69026
33806
95809
27112
4267
87846
56476
80521
27035
49631
34963
69761
78630
50084
25711
46915
85632
9181
78094
38136
80327
38419
44274
5742
47191
86415
9618
3119
83497
3965
18885
68874
37770
14693
95986
58388
2538
68813
55260
45925
18444
90222
15685
97073
56657
57747
43987
42288
66927
22081
96775
63605
76851
57401
69347
24041
43815
95316
27160
43663
99280
46044
12537
53401
77089
8522
28140
95978
93686
83399
58254
12129
89973
73938
9201
46629
48036
69540
5269
31315
7972
18395
94919
1174
75795
64265
25215
35961
75933
68726
79624
75212
31121
92160
44965
24561
17033
73104
36891
10718
72855
95144
22847
62827
85434
48399
25807
33469
34290
31075
64783
42261
65822
59702
43435
41616
40318
85001
77577
16250
70078
73552
7814
17550
65711
69130
42111
82743
58585
95353
9812
31439
90496
32658
94265
92281
97409
36424
25750
31698
83850
6884
90311
49671
82937
50097
7639
39607
51449
1567
72208
21526
75118
96373
55427
40828
65502
13889
39922
24087
9241
49733
71877
99737
98743
66142
92017
96151
2565
34118
44200
86414
57354
34510
52437
40290
84606
60075
96248
52406
77993
68456
73931
53110
64828
45710
10289
46682
59598
50210
87120
68839
16294
58996
84927
15036
25137
76943
27538
44053
27413
71738
46819
1118
22599
15607
41407
7205
92033
54007
75962
70025
38814
66245
39486
3641
11954
66126
66674
71551
16335
53793
40389
48980
12789
25315
64016
54277
18610
91553
14682
62374
79642
77852
63491
2241
93458
21249
25797
1842
75255
1758
71866
14068
68002
27703
34061
79955
93828
734
67858
26514
70879
8246
75493
83667
49913
55860
37943
84874
47413
68976
47247
43406
46827
10737
45646
56636
31985
71442
58477
23592
89552
46694
37659
57553
74396
88071
53860
68223
88805
21717
94736
59683
46314
86581
59701
96226
42440
13995
81099
6204
82971
44697
49610
46149
55433
95255
2785
3770
83049
77613
27361
88952
24307
81371
62856
98702
69442
16715
83277
74598
54783
78012
50632
1097
64592
10332
13674
23384
24326
11125
29587
23648
55821
79196
69797
27606
90803
88933
47727
90203
66545
75087
79154
7203
56457
42009
5905
42250
75076
89181
16847
29858
83544
67478
47306
64488
94161
77332
87871
34839
88456
17457
58486
60628
13005
44634
4585
20159
49918
52311
10361
32815
27397
5866
40017
206
64226
62273
58807
55653
51453
75654
1863
51349
59483
49168
15836
69996
26499
20058
4834
31306
37514
63319
8286
66870
24305
12870
87028
74222
65181
13740
23388
8929
35957
63405
25486
16535
25677
645
72187
93482
76298
74049
61182
52132
39569
