2
36
37
53
58
59
64
98
99
101
102
102
121
132
136
152
158
161
173
174
193
194
199
231
237
246
248
260
262
293
293
296
309
328
338
339
344
352
355
389
413
414
417
424
424
436
450
471
472
474
476
519
531
574
596
600
602
620
644
654
656
662
671
695
699
724
734
740
751
766
786
789
800
807
822
827
828
843
845
850
853
855
856
859
864
870
871
877
890
908
919
951
966
973
988
1029
1031
1032
1033
1035
1049
1051
1066
1069
1070
1104
1114
1124
1132
1139
1160
1163
1167
1181
1198
1218
1227
1234
1238
1246
1247
1257
1260
1261
1271
1299
1312
1320
1338
1341
1351
1353
1365
1366
1366
1376
1380
1382
1387
1388
1394
1394
1411
1447
1448
1488
1488
1491
1501
1502
1551
1561
1578
1579
1581
1586
1599
1635
1636
1640
1664
1682
1692
1695
1711
1744
1750
1751
1760
1763
1775
1779
1783
1808
1809
1822
1833
1848
1849
1852
1852
1860
1893
1897
1903
1907
1915
1932
1940
1964
1977
2002
2003
2015
2022
2024
2026
2031
2053
2060
2060
2064
2080
2081
2083
2104
2111
2114
2117
2128
2129
2171
2173
2183
2185
2188
2201
2204
2212
2218
2230
2237
2254
2267
2314
2335
2335
2349
2358
2362
2370
2395
2398
2406
2417
2419
2427
2474
2483
2486
2493
2506
2521
2536
2557
2559
2562
2566
2587
2587
2590
2600
2601
2604
2605
2607
2614
2615
2631
2632
2639
2647
2680
2686
2700
2703
2727
2741
2744
2748
2763
2766
2788
2796
2802
2808
2812
2816
2820
2834
2837
2839
2853
2855
2856
2865
2873
2915
2915
2937
2949
2996
3000
3004
3010
3015
3023
3034
3037
3042
3070
3082
3085
3098
3135
3154
3160
3178
3179
3180
3194
3220
3222
3226
3235
3245
3265
3270
3271
3273
3283
3290
3300
3312
3318
3320
3322
3329
3332
3338
3362
3374
3381
3392
3407
3410
3410
3414
3436
3474
3514
3517
3534
3538
3566
3572
3577
3580
3580
3588
3596
3603
3605
3616
3617
3630
3635
3635
3636
3636
3652
3663
3665
3711
3720
3724
3749
3761
3768
3802
3822
3849
3851
3852
3882
3884
3885
3889
3908
3947
3950
3961
3967
3978
3981
3983
3986
3993
3996
3996
4028
4037
4047
4071
4080
4095
4108
4109
4138
4143
4166
4177
4180
4199
4213
4214
4227
4230
4231
4242
4243
4250
4266
4272
4275
4286
4291
4293
4296
4313
4319
4329
4330
4347
4349
4354
4356
4368
4370
4387
4393
4393
4398
4425
4428
4435
4437
4440
4450
4451
4452
4456
4458
4471
4477
4479
4482
4488
4514
4518
4522
4525
4532
4561
4564
4567
4574
4575
4576
4593
4609
4625
4630
4631
4633
4649
4654
4682
4687
4698
4734
4760
4774
4815
4824
4829
4890
4899
4903
4915
4922
4926
4939
4950
4952
4962
4971
4981
4983
5000
5055
5056
5080
5083
5085
5088
5101
5110
5119
5119
5130
5141
5187
5195
5210
5211
5217
5229
5231
5232
5232
5238
5242
5256
5256
5260
5276
5278
5279
5280
5298
5306
5343
5360
5368
5389
5399
5412
5425
5428
5436
5438
5453
5454
5460
5471
5529
5532
5538
5539
5544
5548
5555
5565
5587
5595
5599
5602
5603
5606
5609
5616
5635
5651
5651
5663
5667
5668
5699
5705
5706
5718
5720
5731
5737
5740
5748
5783
5794
5806
5826
5856
5876
5878
5888
5889
5925
5935
5953
5961
5964
5966
5969
5985
5998
6006
6017
6018
6019
6019
6034
6044
6046
6047
6084
6086
6088
6099
6109
6112
6113
6126
6185
6187
6203
6211
6217
6244
6256
6265
6283
6337
6355
6358
6361
6363
6371
6373
6377
6405
6406
6409
6409
6418
6424
6449
6466
6471
6479
6491
6494
6502
6518
6561
6561
6567
6576
6579
6587
6591
6600
6628
6632
6664
6669
6680
6691
6695
6710
6714
6715
6726
6728
6738
6744
6745
6755
6777
6779
6788
6790
6799
6807
6808
6811
6818
6825
6845
6848
6863
6870
6871
6876
6889
6898
6898
6923
6941
6946
6949
6953
6954
6954
6985
6991
7019
7023
7029
7032
7050
7051
7059
7062
7088
7093
7093
7102
7103
7111
7137
7153
7171
7193
7201
7202
7208
7218
7221
7225
7229
7234
7237
7244
7256
7264
7293
7320
7325
7336
7349
7350
7365
7374
7381
7420
7422
7442
7447
7450
7454
7456
7471
7474
7477
7485
7494
7507
7529
7530
7535
7555
7559
7569
7596
7604
7604
7613
7633
7643
7643
7653
7660
7668
7681
7684
7698
7712
7713
7737
7752
7755
7779
7790
7819
7821
7829
7830
7833
7839
7850
7868
7876
7889
7902
7903
7951
7955
7976
7982
7991
8009
8033
8039
8041
8064
8070
8083
8098
8117
8127
8151
8176
8181
8183
8183
8184
8199
8203
8204
8211
8211
8215
8245
8254
8267
8270
8272
8287
8292
8295
8307
8313
8325
8365
8376
8390
8392
8429
8445
8447
8452
8461
8465
8498
8522
8527
8559
8573
8574
8612
8617
8617
8623
8637
8637
8648
8667
8683
8684
8690
8692
8693
8707
8714
8717
8725
8728
8744
8755
8758
8779
8804
8811
8820
8836
8843
8851
8864
8873
8883
8887
8889
8895
8905
8917
8923
8928
8930
8931
8937
8951
8955
8960
8964
8969
8979
8983
9008
9016
9021
9031
9038
9053
9056
9069
9097
9110
9112
9117
9125
9136
9141
9180
9182
9191
9202
9204
9231
9243
9244
9257
9278
9280
9290
9290
9291
9309
9319
9324
9326
9342
9359
9369
9373
9381
9407
9414
9424
9428
9437
9447
9448
9453
9453
9458
9466
9480
9485
9492
9497
9499
9531
9538
9548
9561
9569
9576
9579
9584
9610
9611
9614
9616
9617
9631
9638
9639
9647
9650
9658
9659
9667
9668
9681
9683
9687
9700
9701
9708
9723
9731
9737
9744
9760
9769
9777
9785
9799
9805
9819
9820
9838
9840
9842
9844
9849
9853
9872
9872
9879
9887
9888
9900
9913
9916
9917
9924
9935
9948
9948
9960
9962
9968
9970
9970
9971
9982
10020
10027
10033
10034
10045
10050
10063
10064
10083
10095
10097
10101
10113
10119
10126
10152
10158
10177
10178
10180
10194
10205
10211
10218
10224
10236
10243
10257
10276
10280
10281
10285
10314
10320
10324
10328
10365
10367
10375
10380
10389
10400
10406
10409
10416
10445
10446
10449
10452
10453
10465
10477
10480
10492
10492
10494
10498
10499
10499
10508
10550
10568
10572
10583
10586
10597
10600
10605
10610
10632
10639
10647
10658
10671
10674
10676
10676
10681
10693
10746
10764
10774
10791
10798
10810
10811
10866
10867
10876
10912
10920
10927
10937
10967
10968
10982
10991
11025
11025
11040
11062
11101
11132
11141
11159
11179
11206
11206
11210
11223
11225
11261
11263
11281
11283
11283
11284
11294
11300
11313
11341
11369
11384
11393
11401
11407
11414
11422
11455
11458
11458
11460
11462
11493
11501
11503
11521
11528
11531
11556
11559
11578
11602
11607
11624
11636
11655
11656
11657
11671
11680
11683
11690
11711
11714
11736
11752
11756
11758
11765
11810
11811
11837
11869
11872
11890
11893
11901
11913
11917
11931
11994
12003
12007
12010
12030
12030
12032
12049
12051
12071
12075
12096
12097
12105
12106
12110
12111
12112
12112
12122
12124
12131
12145
12159
12164
12181
12205
12207
12218
12228
12258
12290
12298
12300
12303
12304
12343
12345
12347
12362
12366
12372
12373
12383
12394
12398
12399
12429
12450
12451
12452
12484
12494
12498
12501
12501
12533
12536
12548
12578
12580
12583
12602
12611
12619
12619
12619
12623
12632
12649
12653
12674
12698
12705
12707
12715
12724
12730
12736
12745
12765
12775
12776
12793
12802
12811
12812
12818
12820
12822
12825
12862
12864
12865
12873
12878
12897
12902
12903
12910
12919
12929
12939
12974
12981
12984
12986
12987
12992
13001
13002
13014
13019
13028
13032
13035
13042
13046
13066
13078
13078
13107
13108
13126
13126
13130
13145
13153
13157
13188
13196
13202
13216
13219
13242
13245
13254
13272
13280
13300
13300
13312
13312
13338
13350
13353
13420
13423
13432
13441
13475
13481
13484
13499
13500
13503
13515
13518
13536
13538
13538
13539
13540
13558
13558
13576
13580
13586
13607
13633
13636
13643
13652
13660
13682
13690
13692
13693
13700
13702
13705
13718
13730
13755
13769
13789
13789
13792
13795
13799
13815
13821
13857
13867
13870
13873
13878
13884
13891
13895
13900
13906
13911
13927
13929
13939
13942
13955
13962
13972
13972
14000
14014
14029
14041
14045
14057
14069
14074
14078
14089
14090
14093
14105
14106
14108
14119
14135
14138
14139
14146
14154
14162
14164
14170
14179
14180
14182
14200
14200
14210
14222
14255
14256
14257
14261
14279
14279
14282
14295
14299
14312
14321
14324
14347
14372
14393
14400
14405
14411
14417
14423
14426
14445
14460
14473
14474
14475
14486
14511
14561
14563
14564
14584
14584
14592
14611
14633
14649
14694
14698
14700
14712
14713
14715
14720
14720
14741
14745
14748
14762
14765
14789
14796
14797
14800
14803
14805
14806
14810
14815
14825
14836
14838
14839
14862
14873
14885
14892
14898
14904
14912
14913
14942
14966
14970
14972
15009
15019
15028
15045
15046
15048
15055
15098
15111
15114
15122
15127
15129
15133
15133
15137
15139
15149
15152
15184
15185
15193
15203
15203
15215
15220
15222
15257
15274
15276
15283
15298
15302
15304
15312
15313
15322
15367
15376
15391
15394
15397
15402
15410
15410
15441
15450
15452
15465
15467
15475
15489
15495
15511
15513
15534
15554
15558
15597
15597
15599
15609
15635
15653
15654
15657
15664
15674
15691
15702
15707
15723
15734
15739
15741
15745
15747
15750
15757
15763
15765
15774
15778
15792
15803
15809
15809
15810
15822
15824
15825
15834
15836
15836
15843
15853
15857
15866
15872
15873
15879
15880
15908
15919
15935
15953
15959
15959
15971
15991
15993
16023
16036
16046
16051
16058
16075
16092
16103
16104
16111
16113
16116
16134
16148
16152
16160
16163
16200
16207
16217
16234
16250
16260
16267
16273
16278
16279
16282
16304
16308
16309
16332
16339
16356
16357
16383
16391
16407
16412
16419
16422
16423
16428
16434
16439
16449
16453
16459
16482
16499
16514
16518
16523
16541
16546
16555
16561
16566
16574
16575
16580
16586
16602
16604
16613
16654
16672
16674
16681
16682
16689
16716
16723
16727
16729
16729
16740
16782
16782
16792
16799
16800
16823
16828
16861
16872
16898
16902
16906
16911
16914
16919
16919
16930
16968
16985
16999
17024
17041
17053
17072
17077
17081
17099
17120
17122
17123
17143
17166
17172
17184
17195
17220
17236
17239
17245
17249
17260
17271
17274
17291
17293
17301
17309
17346
17361
17376
17378
17380
17384
17400
17402
17403
17405
17419
17424
17437
17459
17460
17464
17464
17464
17465
17466
17475
17492
17494
17496
17500
17506
17513
17528
17531
17544
17548
17557
17568
17575
17576
17578
17641
17649
17652
17665
17681
17689
17691
17695
17718
17749
17768
17784
17790
17792
17809
17812
17822
17833
17833
17835
17844
17852
17859
17876
17887
17904
17922
17956
17965
17965
17966
17970
18002
18004
18012
18020
18025
18031
18078
18079
18085
18090
18092
18101
18111
18113
18114
18116
18117
18157
18158
18164
18166
18180
18190
18194
18205
18214
18220
18223
18223
18224
18233
18242
18287
18294
18297
18299
18313
18336
18356
18356
18371
18372
18383
18395
18396
18397
18398
18403
18442
18470
18479
18500
18504
18505
18512
18562
18565
18568
18571
18584
18622
18629
18640
18645
18663
18666
18669
18689
18727
18737
18746
18750
18765
18775
18778
18783
18787
18794
18798
18812
18830
18850
18860
18862
18874
18877
18880
18880
18912
18920
18923
18931
18933
18961
18972
18981
18992
19030
19034
19037
19045
19045
19054
19058
19059
19064
19066
19094
19109
19113
19117
19129
19140
19172
19174
19176
19178
19188
19189
19200
19209
19240
19242
19246
19266
19274
19279
19313
19338
19338
19339
19341
19355
19357
19384
19400
19404
19405
19426
19443
19443
19451
19470
19477
19484
19485
19522
19526
19531
19548
19551
19554
19555
19556
19571
19580
19591
19593
19606
19627
19660
19663
19667
19677
19686
19695
19701
19704
19706
19719
19735
19742
19762
19785
19790
19790
19794
19795
19812
19816
19835
19847
19862
19877
19898
19906
19911
19915
19935
19957
19963
19965
19971
19975
19979
19987
19999
19999
20045
20084
20087
20108
20120
20144
20145
20146
20156
20159
20169
20171
20179
20205
20213
20218
20225
20227
20236
20237
20242
20244
20259
20269
20270
20281
20283
20295
20298
20310
20311
20333
20355
20356
20376
20379
20382
20385
20386
20386
20408
20433
20469
20470
20502
20506
20507
20513
20514
20522
20532
20533
20560
20571
20581
20595
20605
20618
20625
20631
20635
20644
20654
20655
20657
20668
20674
20677
20702
20716
20720
20720
20722
20735
20739
20746
20749
20749
20750
20759
20784
20790
20796
20825
20827
20877
20879
20882
20888
20904
20929
20940
20944
20953
20962
20971
20982
20983
20989
21011
21030
21033
21033
21043
21045
21057
21072
21085
21091
21092
21104
21112
21116
21120
21123
21133
21134
21139
21140
21156
21166
21168
21173
21189
21191
21203
21213
21222
21227
21235
21251
21254
21260
21269
21274
21282
21288
21307
21313
21319
21353
21357
21360
21364
21365
21374
21374
21379
21385
21387
21388
21392
21406
21407
21409
21433
21460
21474
21496
21497
21501
21510
21514
21557
21557
21563
21579
21586
21595
21596
21600
21605
21634
21639
21639
21650
21654
21668
21680
21691
21698
21724
21726
21737
21749
21759
21781
21781
21782
21789
21790
21790
21796
21797
21799
21803
21845
21868
21868
21871
21890
21900
21904
21908
21929
21941
21942
21947
21951
21972
21976
21982
21985
21995
21997
22005
22015
22020
22039
22044
22051
22051
22062
22095
22096
22105
22111
22120
22123
22140
22153
22173
22174
22181
22183
22194
22198
22199
22212
22213
22216
22227
22248
22253
22257
22271
22272
22276
22280
22283
22283
22294
22306
22349
22352
22357
22363
22375
22380
22391
22403
22424
22443
22448
22479
22485
22487
22487
22502
22552
22557
22562
22569
22571
22589
22597
22616
22619
22622
22629
22646
22660
22667
22671
22693
22705
22718
22719
22722
22736
22737
22750
22772
22775
22783
22790
22794
22795
22796
22798
22824
22828
22849
22865
22871
22872
22886
22897
22899
22909
22936
22943
22997
23003
23017
23019
23035
23038
23050
23072
23077
23077
23081
23084
23088
23104
23121
23131
23134
23140
23145
23155
23161
23178
23195
23198
23202
23203
23209
23219
23232
23243
23265
23295
23334
23339
23361
23364
23372
23377
23382
23382
23403
23411
23411
23431
23434
23436
23437
23440
23455
23455
23476
23503
23523
23525
23529
23535
23545
23546
23592
23627
23641
23655
23689
23709
23711
23731
23744
23760
23781
23784
23795
23801
23802
23808
23812
23813
23816
23824
23885
23912
23938
23941
23952
23959
23963
23964
23979
23988
23988
23994
24000
24022
24024
24025
24048
24056
24079
24080
24083
24096
24105
24122
24125
24150
24157
24163
24163
24171
24173
24175
24193
24196
24199
24202
24207
24230
24245
24245
24258
24261
24270
24277
24282
24292
24295
24297
24304
24310
24311
24317
24323
24329
24335
24353
24362
24366
24383
24399
24403
24404
24411
24412
24416
24417
24421
24446
24456
24466
24479
24485
24494
24496
24499
24506
24512
24515
24519
24525
24532
24541
24542
24559
24559
24594
24611
24614
24635
24646
24656
24667
24669
24686
24695
24695
24701
24711
24723
24726
24762
24769
24770
24786
24806
24810
24830
24834
24837
24837
24842
24846
24849
24872
24872
24882
24887
24903
24903
24906
24913
24913
24918
24923
24944
24945
24947
24956
24970
25005
25014
25042
25044
25060
25060
25067
25078
25081
25095
25099
25111
25149
25158
25158
25163
25163
25171
25179
25185
25189
25198
25208
25213
25232
25244
25248
25249
25264
25298
25303
25340
25348
25357
25370
25374
25380
25398
25420
25421
25425
25430
25430
25443
25456
25473
25509
25512
25517
25521
25535
25541
25556
25573
25591
25594
25601
25606
25608
25619
25632
25641
25663
25664
25683
25700
25709
25724
25757
25763
25772
25775
25796
25807
25819
25823
25828
25832
25843
25848
25856
25859
25861
25867
25891
25893
25895
25898
25904
25919
25927
25934
25935
25952
25956
25957
25958
25961
25974
25992
25996
26004
26023
26031
26033
26034
26038
26041
26043
26048
26052
26053
26067
26071
26078
26078
26080
26082
26095
26111
26118
26129
26138
26152
26173
26180
26186
26214
26219
26229
26232
26253
26301
26339
26339
26346
26367
26392
26409
26414
26422
26428
26431
26433
26435
26444
26473
26483
26504
26504
26527
26532
26534
26535
26540
26554
26554
26558
26573
26588
26595
26603
26621
26657
26671
26676
26681
26690
26694
26700
26720
26748
26751
26760
26770
26774
26775
26781
26789
26793
26812
26822
26825
26830
26832
26843
26862
26873
26876
26892
26903
26910
26916
26918
26924
26937
26945
26960
26963
26964
26984
26984
26992
27026
27027
27042
27045
27053
27061
27062
27100
27112
27113
27116
27116
27127
27167
27177
27178
27181
27188
27190
27192
27200
27235
27235
27235
27235
27264
27274
27277
27302
27316
27320
27342
27342
27348
27371
27373
27375
27382
27392
27415
27435
27456
27470
27471
27484
27494
27507
27507
27535
27536
27556
27564
27564
27581
27588
27615
27618
27625
27646
27653
27660
27660
27680
27691
27713
27726
27737
27739
27747
27754
27755
27761
27766
27772
27776
27811
27813
27815
27834
27838
27849
27866
27867
27870
27877
27879
27880
27883
27889
27891
27913
27925
27926
27933
27943
27958
27961
27982
27993
28021
28025
28028
28032
28038
28043
28043
28050
28066
28074
28090
28096
28097
28101
28111
28114
28118
28122
28124
28162
28165
28166
28187
28204
28215
28221
28223
28223
28227
28227
28234
28238
28245
28272
28277
28278
28309
28317
28331
28350
28361
28369
28374
28375
28375
28378
28389
28400
28406
28435
28436
28453
28483
28492
28510
28524
28525
28545
28552
28554
28559
28578
28579
28613
28616
28626
28638
28639
28645
28648
28651
28656
28668
28672
28679
28681
28682
28701
28707
28712
28718
28725
28732
28732
28734
28741
28750
28758
28791
28794
28796
28811
28822
28829
28833
28847
28850
28854
28854
28874
28880
28889
28904
28912
28919
28957
28961
28964
28964
28973
28974
28979
29026
29029
29035
29050
29063
29086
29135
29154
29156
29184
29186
29195
29201
29205
29211
29214
29219
29223
29260
29261
29262
29266
29285
29285
29303
29359
29363
29370
29393
29396
29398
29407
29408
29412
29441
29443
29447
29460
29463
29469
29471
29472
29483
29493
29500
29511
29521
29529
29530
29559
29560
29586
29601
29613
29629
29671
29673
29677
29714
29724
29733
29733
29734
29739
29743
29770
29792
29847
29871
29893
29894
29894
29895
29902
29917
29919
29949
29951
29968
29972
29974
29979
29986
29992
30025
30030
30030
30032
30056
30070
30077
30087
30096
30099
30111
30145
30145
30154
30157
30164
30176
30194
30198
30216
30259
30264
30272
30276
30282
30286
30293
30314
30315
30322
30361
30372
30376
30395
30396
30400
30400
30409
30416
30418
30419
30422
30442
30461
30462
30464
30468
30485
30522
30524
30540
30542
30543
30548
30550
30551
30560
30564
30574
30576
30582
30590
30597
30615
30641
30650
30655
30663
30666
30680
30698
30701
30704
30711
30718
30749
30772
30803
30807
30810
30815
30816
30819
30820
30828
30830
30832
30838
30838
30842
30845
30865
30865
30873
30876
30878
30901
30906
30907
30916
30920
30933
30945
30947
30952
30966
30980
31011
31013
31045
31049
31051
31051
31059
31064
31068
31072
31086
31101
31101
31111
31122
31136
31171
31187
31193
31193
31201
31208
31223
31228
31228
31244
31273
31306
31307
31330
31335
31336
31376
31379
31379
31380
31381
31387
31408
31410
31414
31417
31424
31440
31454
31458
31483
31515
31518
31523
31526
31536
31540
31546
31556
31565
31569
31570
31573
31576
31577
31578
31611
31631
31637
31656
31657
31680
31685
31686
31686
31695
31707
31725
31736
31753
31767
31783
31798
31809
31818
31825
31836
31844
31846
31882
31890
31950
31956
31959
31960
31962
31968
31973
31991
32000
32002
32004
32017
32024
32027
32029
32045
32053
32055
32056
32062
32076
32102
32107
32109
32115
32128
32142
32147
32165
32165
32167
32179
32181
32190
32201
32201
32203
32261
32264
32266
32275
32279
32279
32282
32284
32293
32294
32312
32317
32329
32342
32358
32389
32401
32415
32428
32443
32452
32456
32463
32472
32475
32490
32496
32509
32512
32522
32524
32537
32550
32553
32567
32620
32622
32630
32653
32657
32664
32706
32706
32713
32713
32714
32716
32716
32719
32721
32743
32750
32781
32787
32789
32799
32809
32814
32826
32827
32836
32850
32851
32852
32854
32863
32882
32887
32892
32902
32911
32911
32927
32929
32932
32936
32940
32944
32949
32953
32990
32993
32993
32996
33000
33016
33019
33026
33049
33052
33057
33060
33067
33074
33091
33096
33096
33106
33111
33115
33135
33136
33138
33139
33183
33185
33188
33191
33202
33208
33237
33241
33250
33257
33260
33266
33290
33329
33332
33348
33355
33388
33402
33402
33410
33421
33432
33445
33449
33458
33490
33501
33505
33508
33533
33538
33544
33546
33555
33557
33571
33580
33585
33593
33595
33601
33602
33603
33604
33608
33610
33610
33611
33621
33622
33624
33627
33634
33639
33646
33665
33666
33666
33666
33671
33680
33690
33695
33712
33727
33730
33761
33791
33831
33835
33835
33842
33842
33846
33852
33856
33857
33860
33878
33892
33897
33912
33925
33927
33941
33942
33952
33970
33984
33989
33991
34001
34003
34003
34007
34009
34039
34048
34053
34054
34077
34078
34085
34108
34118
34120
34121
34124
34133
34151
34224
34245
34251
34262
34266
34274
34291
34294
34297
34306
34320
34329
34347
34348
34351
34377
34380
34393
34406
34412
34422
34426
34448
34464
34471
34472
34479
34501
34534
34549
34552
34560
34575
34578
34579
34580
34582
34587
34600
34600
34620
34626
34628
34636
34641
34656
34669
34670
34672
34722
34723
34726
34731
34731
34769
34771
34774
34798
34815
34824
34829
34848
34856
34876
34891
34895
34936
34955
34970
34980
34987
35009
35012
35030
35031
35039
35041
35051
35063
35070
35081
35091
35129
35137
35137
35143
35153
35191
35217
35219
35226
35231
35245
35257
35273
35274
35274
35292
35309
35323
35334
35338
35348
35359
35368
35383
35397
35410
35418
35434
35446
35456
35463
35471
35475
35478
35487
35489
35508
35509
35515
35515
35536
35583
35586
35606
35610
35632
35635
35648
35677
35680
35683
35700
35743
35744
35783
35794
35795
35799
35819
35830
35836
35838
35868
35872
35875
35876
35884
35888
35889
35930
35951
35960
35983
36003
36004
36021
36032
36053
36062
36090
36109
36119
36123
36123
36152
36187
36205
36214
36215
36222
36228
36235
36253
36263
36269
36270
36279
36281
36287
36301
36307
36309
36311
36328
36335
36345
36348
36355
36360
36365
36375
36376
36431
36436
36439
36460
36467
36474
36488
36491
36497
36502
36516
36528
36533
36534
36556
36576
36585
36593
36598
36605
36635
36693
36700
36702
36708
36725
36733
36739
36746
36763
36767
36789
36791
36793
36804
36827
36833
36844
36863
36863
36882
36883
36894
36905
36907
36947
36948
36952
36971
36988
36990
36993
37013
37015
37031
37033
37044
37045
37056
37059
37063
37068
37071
37075
37077
37082
37090
37092
37106
37107
37111
37122
37125
37130
37135
37138
37156
37157
37173
37181
37183
37188
37189
37191
37200
37234
37237
37241
37245
37266
37270
37276
37290
37290
37298
37309
37311
37315
37330
37331
37343
37344
37360
37361
37365
37379
37385
37405
37411
37417
37425
37430
37433
37437
37447
37451
37454
37461
37462
37479
37483
37491
37501
37505
37507
37510
37513
37513
37516
37529
37530
37532
37560
37561
37566
37585
37590
37609
37615
37623
37628
37630
37643
37644
37645
37649
37657
37670
37670
37670
37675
37685
37686
37687
37690
37712
37728
37732
37739
37740
37750
37753
37755
37756
37771
37773
37777
37793
37798
37802
37817
37832
37833
37834
37845
37849
37851
37854
37855
37859
37869
37874
37877
37900
37913
37925
37927
37952
37990
38012
38020
38022
38024
38024
38026
38057
38064
38074
38085
38096
38108
38111
38114
38115
38128
38129
38135
38140
38147
38149
38155
38169
38174
38180
38206
38213
38224
38228
38231
38268
38293
38309
38314
38315
38328
38335
38348
38358
38369
38384
38393
38397
38407
38420
38466
38471
38478
38512
38512
38527
38562
38576
38577
38585
38586
38597
38597
38602
38632
38646
38657
38657
38660
38668
38681
38683
38687
38694
38700
38714
38718
38718
38720
38737
38761
38764
38781
38785
38825
38827
38876
38878
38888
38890
38896
38898
38901
38930
38959
38972
38998
39023
39035
39037
39054
39065
39069
39073
39080
39081
39082
39084
39085
39096
39103
39109
39134
39143
39146
39154
39156
39161
39162
39166
39168
39169
39197
39215
39227
39230
39240
39244
39266
39277
39285
39301
39311
39319
39337
39345
39380
39384
39385
39395
39408
39410
39415
39417
39418
39425
39451
39464
39475
39482
39484
39489
39496
39505
39536
39538
39561
39564
39585
39637
39653
39677
39679
39688
39690
39703
39706
39716
39721
39724
39741
39744
39752
39772
39774
39780
39785
39835
39847
39854
39859
39860
39861
39865
39871
39875
39881
39887
39901
39926
39929
39951
39963
39979
39983
40005
40010
40028
40031
40037
40049
40059
40061
40061
40083
40084
40087
40089
40090
40094
40126
40176
40177
40180
40212
40245
40251
40298
40313
40324
40328
40370
40371
40377
40378
40379
40391
40404
40413
40415
40422
40439
40446
40454
40467
40472
40481
40506
40506
40520
40531
40542
40551
40565
40567
40568
40592
40596
40617
40641
40644
40659
40678
40701
40701
40703
40736
40745
40752
40753
40766
40776
40776
40778
40798
40823
40827
40833
40837
40850
40850
40883
40886
40889
40893
40894
40908
40942
40946
40984
40993
40995
41001
41002
41032
41034
41038
41051
41057
41058
41110
41113
41123
41125
41144
41144
41147
41156
41160
41177
41189
41200
41205
41210
41212
41229
41234
41249
41251
41259
41261
41265
41268
41277
41290
41305
41308
41316
41317
41320
41340
41350
41363
41374
41377
41377
41387
41406
41435
41437
41460
41462
41464
41468
41481
41494
41522
41532
41535
41543
41563
41584
41587
41591
41604
41604
41609
41610
41626
41638
41645
41647
41671
41675
41677
41700
41706
41726
41735
41738
41742
41743
41744
41765
41771
41778
41784
41784
41826
41841
41861
41871
41876
41886
41889
41890
41908
41926
41932
41932
41940
41947
41964
41971
41971
42003
42032
42040
42049
42054
42076
42077
42085
42092
42101
42112
42116
42117
42136
42143
42144
42165
42202
42202
42203
42208
42213
42213
42214
42216
42228
42232
42234
42236
42241
42245
42285
42290
42300
42305
42308
42322
42359
42360
42381
42384
42388
42391
42425
42440
42445
42451
42453
42469
42483
42492
42498
42507
42530
42535
42553
42558
42558
42559
42576
42592
42605
42606
42620
42626
42654
42658
42678
42690
42691
42694
42694
42709
42716
42731
42739
42741
42752
42755
42766
42787
42818
42833
42834
42863
42875
42886
42910
42945
42954
42959
42968
42977
42982
42985
43001
43010
43023
43026
43036
43036
43071
43092
43094
43106
43106
43127
43129
43136
43140
43151
43156
43162
43169
43179
43195
43197
43214
43221
43223
43235
43239
43243
43258
43259
43259
43269
43275
43288
43288
43293
43305
43321
43336
43345
43379
43399
43404
43415
43434
43471
43474
43507
43510
43510
43523
43532
43536
43549
43550
43559
43572
43577
43582
43587
43605
43606
43609
43649
43652
43658
43665
43683
43695
43698
43706
43720
43725
43746
43752
43759
43774
43791
43794
43803
43808
43814
43815
43836
43838
43841
43847
43850
43854
43891
43891
43904
43923
43934
43944
43951
43969
43973
43975
43976
43997
44003
44012
44012
44023
44039
44041
44066
44068
44072
44072
44075
44090
44101
44104
44111
44116
44126
44141
44143
44143
44157
44159
44172
44177
44212
44231
44235
44237
44237
44245
44249
44255
44265
44292
44293
44295
44302
44320
44330
44338
44343
44346
44390
44392
44400
44401
44435
44437
44443
44448
44451
44470
44471
44482
44485
44485
44503
44509
44517
44540
44541
44553
44573
44574
44575
44586
44587
44600
44611
44623
44704
44718
44727
44728
44733
44764
44782
44796
44801
44804
44829
44839
44847
44849
44852
44854
44887
44891
44907
44918
44922
44930
44938
44941
44982
44990
44999
45029
45037
45046
45063
45086
45087
45099
45100
45107
45114
45131
45134
45156
45160
45160
45165
45178
45183
45186
45191
45197
45203
45206
45220
45222
45267
45273
45276
45278
45279
45285
45286
45295
45299
45302
45314
45316
45317
45320
45322
45328
45330
45335
45337
45344
45356
45361
45371
45392
45435
45461
45479
45483
45502
45513
45523
45525
45528
45534
45535
45537
45541
45570
45574
45583
45586
45586
45589
45590
45600
45614
45666
45670
45702
45714
45734
45753
45757
45773
45780
45809
45811
45812
45816
45827
45830
45845
45860
45866
45868
45869
45878
45879
45880
45913
45913
45919
45921
45925
45939
45942
45952
45957
45968
45976
46002
46027
46033
46034
46040
46045
46047
46047
46083
46104
46106
46117
46119
46122
46125
46137
46141
46144
46144
46150
46174
46191
46191
46213
46223
46238
46244
46262
46267
46274
46288
46294
46296
46297
46328
46328
46329
46329
46330
46353
46370
46375
46383
46391
46404
46409
46409
46412
46419
46419
46419
46420
46477
46498
46509
46514
46549
46557
46577
46598
46609
46612
46618
46623
46625
46627
46631
46677
46694
46708
46728
46736
46740
46748
46762
46763
46768
46770
46773
46774
46788
46790
46793
46799
46800
46817
46826
46843
46884
46892
46916
46916
46944
46951
46960
46981
46981
46983
46987
46996
47016
47039
47044
47045
47051
47058
47080
47092
47098
47128
47131
47136
47143
47147
47197
47205
47209
47218
47231
47239
47264
47267
47277
47298
47301
47314
47316
47334
47338
47341
47362
47367
47370
47379
47392
47395
47415
47423
47425
47432
47438
47439
47442
47456
47480
47486
47496
47515
47534
47540
47553
47564
47571
47572
47572
47585
47589
47597
47601
47607
47624
47628
47657
47664
47686
47689
47723
47731
47750
47753
47754
47757
47757
47759
47761
47767
47772
47791
47804
47816
47830
47830
47834
47837
47844
47859
47863
47925
47925
47933
47947
47963
47969
47991
48001
48019
48065
48074
48082
48089
48095
48115
48120
48121
48129
48131
48156
48163
48171
48185
48192
48217
48221
48248
48252
48259
48283
48297
48304
48306
48308
48317
48320
48327
48333
48357
48371
48380
48380
48382
48383
48399
48402
48402
48406
48425
48430
48431
48457
48458
48460
48478
48482
48485
48503
48511
48515
48515
48516
48540
48547
48547
48560
48579
48615
48628
48634
48635
48637
48642
48642
48642
48647
48648
48674
48678
48688
48689
48696
48766
48788
48790
48809
48823
48827
48838
48878
48880
48889
48896
48915
48969
48981
48995
49000
49001
49014
49019
49019
49026
49029
49033
49037
49066
49074
49078
49078
49081
49097
49099
49104
49115
49127
49158
49165
49173
49176
49178
49194
49201
49204
49204
49206
49207
49218
49230
49252
49283
49302
49303
49306
49313
49314
49329
49333
49340
49357
49370
49375
49378
49388
49393
49404
49406
49409
49428
49445
49457
49457
49459
49468
49494
49495
49517
49524
49528
49535
49542
49547
49547
49558
49562
49609
49639
49649
49649
49661
49674
49687
49711
49712
49753
49758
49759
49769
49769
49787
49789
49808
49834
49834
49870
49876
49880
49890
49890
49890
49894
49921
49929
49954
49966
49969
49973
49975
49984
49985
49987
49989
49992
