5
6
20
21
24
26
29
71
72
81
85
104
116
124
129
138
145
154
169
174
182
195
206
243
271
298
308
315
327
341
350
351
369
379
406
409
431
452
453
462
466
477
487
509
516
539
553
556
563
569
570
594
600
608
611
613
617
618
621
631
634
635
641
642
645
645
648
649
654
660
668
684
690
700
720
722
725
727
734
739
742
751
755
757
773
781
802
839
877
881
916
916
918
931
935
936
940
943
957
974
978
980
985
1007
1016
1016
1018
1021
1025
1089
1097
1097
1118
1132
1137
1170
1174
1175
1197
1199
1202
1205
1209
1260
1266
1286
1302
1303
1307
1311
1312
1336
1340
1343
1356
1370
1387
1418
1418
1428
1431
1444
1472
1482
1488
1493
1496
1496
1539
1541
1544
1566
1567
1567
1580
1588
1590
1599
1605
1611
1615
1617
1633
1634
1640
1640
1678
1678
1697
1708
1716
1719
1719
1723
1740
1756
1758
1764
1765
1773
1775
1778
1786
1786
1794
1796
1802
1805
1822
1842
1845
1846
1863
1863
1867
1871
1876
1878
1879
1887
1895
1923
1935
1957
1966
1972
1982
1999
2002
2015
2026
2030
2031
2063
2097
2098
2111
2116
2120
2120
2121
2132
2133
2137
2167
2174
2188
2210
2236
2236
2241
2249
2266
2276
2277
2278
2283
2297
2298
2318
2322
2342
2360
2360
2362
2386
2395
2422
2429
2430
2444
2450
2451
2453
2456
2458
2473
2478
2494
2521
2534
2538
2541
2545
2545
2546
2550
2556
2565
2565
2566
2581
2595
2611
2618
2629
2652
2659
2662
2676
2676
2696
2701
2715
2718
2728
2744
2745
2756
2773
2774
2785
2797
2808
2812
2841
2842
2878
2887
2902
2905
2909
2910
2923
2924
2927
2927
2942
2955
2963
2964
2984
2986
2994
3003
3020
3023
3027
3030
3031
3046
3056
3059
3083
3087
3111
3111
3117
3119
3135
3139
3141
3150
3192
3194
3226
3235
3247
3249
3271
3280
3281
3303
3324
3341
3349
3370
3389
3393
3409
3414
3456
3461
3484
3522
3580
3597
3604
3610
3612
3616
3630
3641
3644
3647
3673
3678
3690
3694
3695
3707
3707
3714
3720
3730
3745
3747
3748
3751
3770
3780
3813
3823
3835
3853
3853
3861
3875
3877
3891
3896
3903
3913
3945
3950
3950
3951
3953
3963
3965
3989
3993
3996
4013
4026
4045
4046
4055
4067
4075
4084
4088
4091
4095
4100
4148
4161
4162
4170
4189
4201
4207
4210
4216
4222
4225
4234
4266
4267
4283
4292
4304
4309
4314
4316
4320
4325
4328
4330
4344
4345
4367
4381
4396
4397
4399
4401
4412
4418
4421
4451
4454
4463
4464
4475
4481
4484
4493
4495
4503
4505
4536
4546
4547
4548
4555
4575
4581
4585
4591
4597
4632
4636
4636
4642
4644
4648
4651
4655
4659
4678
4711
4737
4764
4771
4788
4831
4831
4834
4839
4864
4868
4875
4882
4891
4895
4926
4927
4929
4931
4939
4951
4956
4962
5000
5012
5013
5014
5019
5030
5048
5068
5077
5080
5082
5090
5091
5092
5095
5104
5118
5126
5131
5143
5149
5167
5172
5178
5182
5214
5218
5237
5237
5242
5255
5257
5269
5276
5289
5293
5307
5351
5360
5411
5431
5465
5474
5489
5491
5508
5535
5566
5583
5601
5602
5610
5614
5634
5635
5638
5644
5644
5651
5661
5708
5728
5730
5735
5741
5742
5748
5752
5764
5774
5774
5784
5786
5829
5835
5843
5845
5859
5862
5866
5880
5881
5905
5914
5920
5927
5928
5947
5969
5972
6018
6023
6024
6026
6031
6048
6058
6082
6090
6109
6125
6149
6188
6204
6206
6207
6208
6218
6239
6240
6241
6249
6269
6311
6323
6331
6335
6343
6377
6423
6427
6435
6452
6458
6468
6476
6504
6504
6505
6527
6559
6588
6600
6605
6618
6620
6638
6638
6640
6646
6653
6660
6675
6681
6684
6699
6700
6736
6745
6748
6750
6789
6795
6798
6837
6878
6879
6884
6897
6907
6908
6924
6936
6938
6953
6959
6977
6980
6983
7018
7019
7040
7049
7052
7067
7075
7108
7127
7140
7150
7154
7156
7159
7162
7172
7173
7173
7196
7201
7203
7205
7210
7226
7234
7236
7246
7251
7264
7277
7301
7307
7308
7312
7315
7348
7355
7361
7370
7376
7403
7430
7437
7437
7455
7456
7457
7464
7476
7481
7483
7485
7487
7488
7497
7501
7517
7525
7531
7537
7560
7566
7568
7570
7574
7580
7586
7594
7599
7604
7605
7630
7638
7639
7646
7652
7654
7660
7672
7674
7705
7724
7731
7765
7770
7782
7802
7810
7814
7815
7854
7875
7883
7884
7905
7910
7914
7936
7957
7959
7959
7965
7966
7966
7967
7969
7969
7972
7985
7986
8007
8008
8011
8015
8040
8054
8077
8100
8106
8139
8140
8142
8144
8155
8176
8184
8220
8239
8245
8246
8247
8252
8274
8279
8282
8286
8286
8311
8328
8334
8343
8348
8348
8356
8356
8361
8362
8365
8412
8422
8422
8424
8449
8450
8475
8481
8488
8496
8522
8532
8535
8542
8547
8558
8566
8579
8591
8604
8614
8629
8635
8644
8666
8667
8670
8670
8674
8675
8676
8679
8687
8721
8739
8746
8746
8751
8753
8753
8789
8789
8795
8800
8833
8840
8849
8854
8856
8858
8864
8874
8888
8907
8929
8934
8949
8953
8958
8958
8966
8969
8986
9008
9013
9036
9042
9066
9074
9095
9099
9107
9133
9139
9157
9157
9161
9161
9164
9174
9181
9187
9189
9196
9200
9201
9207
9228
9241
9241
9241
9242
9268
9275
9291
9309
9310
9311
9344
9348
9353
9359
9369
9371
9387
9396
9409
9413
9419
9429
9434
9436
9439
9443
9448
9459
9462
9466
9480
9486
9504
9508
9515
9524
9541
9567
9568
9593
9599
9613
9618
9627
9628
9635
9681
9695
9709
9718
9720
9733
9735
9737
9756
9764
9770
9774
9778
9788
9793
9794
9802
9812
9821
9822
9829
9829
9834
9850
9866
9866
9867
9867
9868
9883
9886
9901
9916
9963
9973
9978
9986
9986
9988
9996
10000
10004
10022
10038
10047
10059
10061
10074
10075
10095
10096
10097
10101
10133
10135
10143
10146
10167
10176
10181
10187
10198
10201
10218
10257
10259
10274
10277
10289
10296
10301
10305
10331
10332
10335
10341
10344
10360
10361
10383
10388
10404
10405
10412
10418
10424
10431
10433
10444
10463
10465
10499
10502
10509
10528
10537
10548
10580
10591
10603
10608
10616
10618
10620
10628
10629
10647
10656
10662
10667
10696
10712
10718
10724
10735
10737
10754
10771
10796
10834
10835
10844
10881
10896
10926
10935
10937
10945
10959
10972
10974
10979
10980
10988
10991
10992
10995
11012
11014
11027
11055
11055
11065
11076
11090
11090
11109
11125
11139
11155
11159
11169
11171
11182
11184
11225
11227
11239
11244
11253
11307
11320
11324
11352
11365
11377
11388
11403
11411
11420
11440
11450
11470
11495
11522
11541
11566
11576
11591
11592
11593
11595
11604
11607
11613
11615
11626
11646
11647
11648
11671
11677
11679
11686
11692
11692
11696
11697
11713
11727
11738
11750
11756
11764
11772
11777
11787
11802
11827
11832
11867
11869
11871
11872
11878
11896
11899
11932
11951
11954
11971
11991
11999
12012
12016
12018
12061
12062
12073
12079
12080
12095
12120
12122
12129
12131
12144
12151
12159
12162
12162
12163
12178
12186
12188
12197
12251
12280
12287
12302
12317
12321
12323
12331
12333
12352
12383
12399
12407
12430
12437
12442
12455
12459
12460
12468
12468
12488
12496
12497
12499
12513
12515
12516
12522
12529
12530
12530
12533
12534
12537
12549
12556
12578
12584
12598
12601
12632
12639
12645
12669
12680
12688
12688
12706
12722
12726
12787
12789
12791
12793
12809
12869
12870
12895
12904
12930
12937
12946
12953
12968
12974
13000
13002
13005
13010
13013
13019
13025
13030
13046
13052
13058
13066
13075
13099
13119
13120
13121
13135
13144
13157
13159
13191
13207
13224
13230
13239
13245
13254
13257
13266
13275
13287
13288
13312
13313
13324
13328
13331
13335
13369
13375
13404
13412
13418
13445
13466
13503
13510
13523
13532
13542
13549
13550
13597
13607
13620
13625
13631
13635
13638
13639
13658
13667
13674
13689
13690
13706
13728
13740
13748
13755
13756
13763
13802
13805
13819
13829
13838
13873
13889
13894
13899
13904
13909
13947
13958
13975
13993
13995
14011
14040
14040
14040
14043
14047
14048
14054
14055
14063
14068
14073
14076
14077
14081
14082
14085
14091
14094
14125
14139
14159
14167
14169
14171
14183
14200
14225
14228
14250
14294
14300
14311
14330
14349
14376
14398
14414
14416
14420
14430
14432
14439
14447
14458
14459
14473
14478
14492
14499
14508
14515
14525
14545
14551
14554
14574
14576
14585
14590
14597
14607
14615
14618
14624
14652
14663
14666
14682
14682
14683
14688
14692
14693
14709
14711
14724
14756
14770
14775
14828
14833
14834
14836
14849
14873
14891
14892
14899
14909
14946
14947
14961
14977
15011
15014
15036
15036
15040
15042
15047
15049
15051
15052
15064
15066
15121
15141
15153
15163
15172
15184
15192
15195
15209
15227
15231
15238
15239
15247
15267
15270
15271
15302
15312
15313
15328
15342
15345
15362
15375
15386
15387
15391
15396
15416
15433
15434
15434
15435
15436
15447
15450
15451
15458
15470
15479
15481
15519
15520
15539
15568
15576
15581
15593
15593
15595
15606
15607
15616
15620
15627
15631
15631
15633
15637
15647
15648
15650
15656
15673
15673
15681
15685
15690
15714
15716
15725
15728
15737
15738
15743
15743
15743
15749
15759
15767
15775
15780
15789
15790
15797
15814
15817
15827
15831
15836
15840
15842
15880
15899
15907
15914
15923
15933
15936
15954
15955
15967
15988
15995
16025
16038
16046
16064
16071
16078
16078
16084
16096
16110
16114
16117
16132
16137
16138
16148
16152
16167
16168
16185
16189
16190
16191
16199
16214
16225
16248
16250
16279
16281
16294
16299
16312
16325
16331
16335
16338
16372
16386
16387
16395
16405
16409
16426
16457
16463
16477
16477
16504
16513
16523
16524
16526
16535
16543
16545
16597
16598
16603
16609
16611
16612
16632
16632
16645
16664
16702
16715
16733
16735
16742
16748
16750
16757
16808
16830
16831
16847
16864
16866
16875
16885
16893
16908
16929
16930
16938
16956
16957
16964
16993
16996
17001
17019
17027
17033
17046
17051
17051
17061
17079
17108
17113
17132
17132
17146
17154
17156
17166
17168
17169
17175
17177
17183
17193
17201
17218
17247
17250
17256
17257
17266
17277
17277
17287
17302
17306
17309
17349
17364
17366
17376
17385
17391
17401
17416
17418
17420
17440
17445
17446
17455
17457
17471
17477
17482
17491
17512
17515
17531
17548
17550
17580
17603
17641
17653
17678
17691
17706
17726
17735
17735
17755
17756
17758
17763
17781
17800
17824
17842
17846
17873
17880
17895
17899
17902
17904
17927
17934
17939
17965
17972
17985
18006
18021
18036
18043
18049
18076
18097
18101
18105
18105
18108
18111
18116
18121
18125
18134
18150
18178
18193
18195
18200
18208
18213
18222
18243
18263
18285
18313
18321
18324
18327
18344
18390
18390
18393
18394
18395
18410
18410
18413
18444
18446
18477
18479
18484
18512
18513
18517
18520
18532
18533
18554
18556
18567
18568
18590
18597
18610
18614
18668
18692
18693
18697
18705
18705
18721
18729
18748
18762
18765
18779
18781
18784
18786
18802
18809
18821
18824
18828
18850
18885
18896
18898
18901
18905
18914
18917
18926
18941
18945
18947
18968
18974
18978
18988
18988
18995
18998
18999
19001
19010
19035
19038
19039
19044
19046
19056
19061
19064
19081
19085
19095
19111
19112
19121
19121
19125
19140
19146
19173
19181
19197
19216
19234
19235
19268
19289
19294
19312
19313
19318
19324
19327
19333
19341
19391
19398
19417
19430
19430
19431
19440
19457
19471
19476
19476
19485
19500
19501
19502
19508
19523
19526
19551
19557
19562
19571
19580
19600
19645
19649
19651
19651
19656
19662
19682
19683
19693
19702
19704
19718
19728
19784
19786
19795
19801
19808
19812
19824
19841
19847
19849
19852
19867
19880
19886
19891
19904
19943
19953
19964
19964
19978
19988
19990
19992
20004
20012
20018
20024
20056
20058
20064
20073
20075
20082
20127
20128
20129
20134
20134
20136
20147
20150
20159
20161
20188
20215
20219
20221
20246
20252
20255
20275
20299
20300
20303
20316
20326
20331
20337
20342
20345
20348
20360
20372
20375
20377
20400
20408
20418
20430
20457
20457
20463
20467
20470
20476
20476
20483
20486
20487
20490
20517
20519
20525
20531
20547
20549
20549
20551
20559
20569
20572
20580
20592
20601
20632
20635
20674
20674
20725
20739
20741
20742
20765
20787
20789
20821
20849
20877
20878
20887
20892
20914
20918
20919
20949
20953
20960
20973
20978
20989
20994
21013
21018
21022
21036
21043
21051
21068
21068
21071
21074
21093
21096
21108
21109
21143
21155
21178
21181
21182
21183
21188
21238
21241
21249
21260
21265
21267
21296
21312
21321
21323
21326
21338
21343
21349
21350
21353
21371
21373
21377
21379
21384
21394
21395
21408
21411
21414
21423
21424
21463
21475
21477
21487
21495
21505
21506
21510
21513
21517
21526
21540
21545
21570
21583
21596
21606
21608
21619
21626
21630
21639
21640
21650
21658
21659
21667
21671
21688
21688
21692
21694
21695
21704
21712
21717
21719
21728
21755
21766
21767
21784
21794
21798
21817
21829
21833
21844
21846
21848
21853
21853
21863
21866
21887
21898
21903
21906
21920
21921
21924
21927
21936
21940
21957
21971
21974
21979
21988
21999
22002
22002
22005
22013
22024
22030
22050
22054
22081
22082
22083
22096
22128
22146
22153
22179
22190
22197
22199
22210
22212
22217
22233
22241
22242
22256
22280
22285
22301
22310
22325
22334
22347
22355
22383
22383
22394
22394
22396
22402
22403
22412
22442
22456
22476
22497
22500
22515
22523
22533
22546
22553
22562
22578
22599
22600
22608
22628
22638
22654
22673
22677
22686
22686
22705
22715
22735
22740
22752
22761
22768
22780
22783
22784
22786
22791
22827
22828
22838
22840
22843
22847
22848
22862
22875
22882
22885
22890
22898
22915
22922
22926
22928
22937
22950
22961
22980
22989
22991
22992
22997
23021
23025
23030
23060
23070
23074
23075
23082
23083
23084
23091
23092
23100
23105
23107
23108
23112
23116
23123
23127
23129
23140
23164
23171
23196
23196
23207
23212
23217
23218
23245
23245
23259
23268
23274
23278
23280
23286
23314
23318
23319
23322
23323
23324
23327
23344
23377
23384
23388
23401
23432
23437
23443
23452
23459
23492
23509
23522
23537
23543
23556
23562
23584
23592
23614
23619
23620
23623
23624
23634
23635
23644
23645
23646
23647
23648
23650
23653
23653
23655
23667
23669
23670
23675
23680
23696
23698
23704
23712
23718
23718
23725
23730
23740
23779
23783
23809
23809
23851
23856
23856
23859
23869
23869
23888
23898
23909
23922
23927
23941
23942
23952
23958
23958
23967
23974
23978
23989
23992
23996
23997
24012
24024
24032
24041
24060
24062
24073
24075
24076
24087
24113
24113
24139
24191
24248
24263
24273
24290
24302
24305
24307
24309
24310
24319
24321
24322
24326
24341
24345
24358
24422
24426
24436
24445
24453
24485
24492
24520
24529
24545
24561
24561
24562
24563
24564
24590
24599
24605
24627
24634
24666
24685
24696
24701
24704
24706
24722
24728
24731
24736
24746
24762
24768
24772
24776
24777
24809
24817
24830
24842
24848
24858
24860
24871
24896
24904
24933
24943
24945
24963
24964
24964
24964
24976
24982
24999
24999
25012
25030
25044
25046
25049
25068
25082
25084
25124
25129
25137
25143
25145
25152
25175
25203
25215
25235
25266
25280
25295
25315
25334
25348
25353
25359
25383
25397
25402
25409
25410
25414
25416
25434
25436
25447
25476
25486
25491
25495
25523
25525
25543
25546
25555
25562
25567
25570
25571
25571
25576
25577
25602
25604
25608
25611
25617
25618
25638
25653
25662
25669
25675
25677
25687
25689
25691
25699
25711
25713
25718
25724
25731
25740
25742
25750
25763
25779
25788
25789
25797
25807
25825
25847
25849
25875
25878
25878
25881
25898
25920
25938
25938
25955
25960
25983
25995
25996
25998
26001
26021
26026
26035
26064
26065
26115
26134
26151
26161
26178
26182
26190
26193
26203
26206
26208
26233
26238
26240
26253
26260
26284
26285
26290
26297
26300
26320
26323
26324
26336
26340
26348
26366
26369
26372
26374
26375
26413
26419
26434
26479
26484
26492
26499
26514
26514
26547
26572
26576
26593
26594
26616
26625
26628
26629
26642
26669
26674
26679
26686
26688
26697
26717
26735
26746
26756
26759
26783
26789
26789
26792
26798
26858
26872
26874
26888
26908
26918
26925
26938
26942
26947
26961
26965
26991
26995
27033
27035
27046
27069
27112
27120
27123
27138
27142
27146
27160
27171
27178
27185
27186
27189
27191
27230
27230
27239
27253
27264
27270
27272
27286
27287
27316
27326
27330
27339
27351
27354
27355
27361
27376
27397
27407
27410
27413
27417
27446
27458
27479
27480
27481
27481
27495
27496
27504
27507
27509
27518
27538
27540
27550
27565
27568
27578
27600
27603
27605
27606
27618
27629
27662
27671
27671
27679
27703
27706
27716
27716
27721
27736
27736
27739
27747
27756
27757
27787
27806
27819
27834
27835
27852
27852
27877
27881
27881
27901
27907
27920
27921
27930
27934
27939
27945
27952
27953
27957
27957
27958
27966
27983
27985
28004
28011
28019
28043
28047
28049
28069
28074
28079
28089
28095
28104
28114
28119
28135
28140
28146
28157
28164
28168
28175
28176
28205
28214
28215
28216
28236
28242
28255
28266
28303
28307
28316
28327
28327
28350
28360
28365
28371
28373
28393
28413
28417
28430
28434
28436
28447
28472
28480
28485
28487
28492
28498
28515
28517
28521
28521
28567
28577
28585
28591
28603
28608
28611
28612
28618
28629
28635
28644
28663
28680
28712
28718
28718
28737
28740
28743
28825
28848
28850
28887
28892
28894
28899
28899
28918
28920
28926
28958
28959
28989
28991
28996
28999
29015
29025
29026
29039
29060
29064
29072
29085
29086
29090
29117
29123
29145
29170
29181
29185
29196
29207
29213
29215
29218
29226
29233
29243
29243
29253
29282
29290
29311
29320
29332
29344
29345
29357
29360
29367
29377
29403
29407
29409
29417
29422
29424
29464
29468
29473
29479
29487
29495
29500
29505
29511
29531
29552
29552
29572
29577
29587
29597
29638
29642
29645
29648
29675
29679
29681
29693
29702
29726
29736
29787
29790
29793
29793
29798
29829
29830
29833
29836
29848
29858
29863
29876
29876
29890
29900
29900
29900
29913
29922
29927
29933
29953
29953
29954
29958
29988
29988
29999
30004
30013
30014
30023
30027
30047
30056
30068
30082
30088
30116
30117
30122
30122
30128
30134
30143
30165
30192
30215
30216
30218
30235
30238
30254
30255
30305
30308
30326
30330
30353
30362
30372
30374
30392
30414
30423
30439
30448
30452
30453
30463
30475
30476
30501
30522
30537
30543
30545
30548
30564
30574
30595
30624
30630
30639
30669
30690
30700
30739
30751
30761
30761
30762
30765
30778
30796
30804
30806
30856
30857
30860
30866
30869
30887
30888
30892
30895
30901
30915
30929
30938
30948
30963
30969
30969
30971
30974
30975
30981
30986
30998
31003
31008
31015
31018
31023
31031
31038
31056
31075
31092
31093
31097
31099
31100
31110
31114
31121
31127
31129
31147
31148
31167
31185
31186
31190
31205
31214
31221
31237
31249
31278
31287
31296
31301
31306
31311
31313
31315
31316
31317
31345
31349
31360
31361
31398
31405
31411
31412
31415
31429
31439
31452
31456
31467
31481
31490
31494
31518
31523
31530
31533
31544
31544
31568
31583
31589
31592
31604
31632
31650
31656
31675
31675
31681
31684
31693
31698
31700
31716
31727
31733
31748
31759
31776
31781
31791
31829
31853
31870
31872
31885
31889
31917
31924
31929
31937
31949
31985
32003
32026
32027
32048
32056
32060
32071
32084
32087
32093
32097
32127
32128
32136
32146
32152
32157
32166
32168
32189
32210
32263
32275
32283
32295
32304
32306
32312
32313
32317
32318
32338
32338
32339
32343
32385
32385
32400
32400
32426
32434
32448
32460
32471
32472
32477
32491
32501
32510
32512
32515
32515
32533
32536
32545
32562
32563
32569
32581
32591
32597
32602
32602
32608
32618
32629
32634
32637
32640
32640
32658
32662
32666
32674
32674
32684
32686
32700
32704
32708
32712
32713
32714
32714
32720
32734
32758
32761
32789
32795
32796
32810
32812
32815
32817
32831
32838
32842
32846
32849
32853
32855
32865
32872
32974
32986
33001
33004
33007
33023
33033
33045
33046
33055
33060
33066
33100
33115
33129
33133
33143
33156
33183
33201
33208
33210
33230
33251
33296
33303
33309
33309
33327
33330
33344
33348
33352
33359
33363
33403
33404
33436
33457
33469
33471
33482
33497
33498
33542
33552
33557
33560
33561
33561
33578
33593
33615
33619
33620
33628
33668
33670
33672
33679
33685
33689
33708
33712
33718
33719
33740
33756
33763
33770
33770
33781
33790
33796
33804
33806
33808
33831
33831
33849
33854
33859
33864
33866
33879
33881
33916
33921
33937
33940
33967
33977
33996
34021
34035
34039
34055
34061
34065
34087
34093
34095
34108
34118
34131
34132
34136
34142
34154
34173
34177
34179
34186
34194
34194
34211
34228
34232
34233
34247
34253
34258
34269
34270
34284
34287
34290
34295
34300
34302
34323
34327
34346
34350
34365
34380
34383
34395
34425
34437
34443
34449
34452
34453
34476
34479
34500
34510
34521
34529
34530
34534
34548
34552
34564
34579
34593
34628
34637
34640
34646
34668
34680
34685
34706
34715
34718
34723
34732
34733
34733
34753
34754
34771
34776
34783
34785
34794
34811
34839
34843
34856
34856
34866
34879
34883
34897
34902
34905
34912
34919
34921
34942
34946
34956
34963
34963
34992
35003
35005
35007
35008
35051
35067
35085
35093
35103
35116
35124
35130
35145
35182
35194
35196
35203
35214
35229
35233
35238
35246
35248
35274
35285
35287
35292
35305
35307
35317
35318
35323
35323
35359
35359
35371
35375
35383
35388
35388
35405
35414
35421
35422
35437
35444
35473
35483
35492
35502
35554
35575
35590
35591
35616
35636
35638
35660
35664
35666
35672
35679
35688
35698
35706
35707
35708
35715
35729
35746
35747
35751
35754
35827
35827
35838
35843
35844
35845
35859
35878
35882
35889
35893
35908
35912
35918
35923
35925
35945
35947
35957
35961
35962
35982
35987
35998
35999
36003
36008
36010
36013
36013
36014
36016
36029
36046
36058
36063
36073
36086
36088
36092
36097
36099
36110
36115
36144
36145
36148
36150
36157
36159
36174
36177
36194
36198
36218
36220
36231
36236
36239
36245
36260
36301
36302
36304
36320
36326
36398
36420
36424
36425
36429
36435
36441
36444
36465
36469
36480
36520
36523
36524
36525
36545
36575
36586
36588
36589
36591
36604
36606
36619
36632
36636
36656
36680
36689
36695
36696
36713
36726
36819
36843
36891
36914
36953
36968
36971
36973
36977
36979
36982
36987
36994
36999
37015
37030
37049
37053
37060
37071
37073
37083
37087
37126
37129
37152
37178
37180
37187
37188
37205
37214
37222
37225
37241
37241
37255
37271
37274
37283
37289
37299
37325
37345
37348
37349
37375
37375
37381
37383
37460
37480
37514
37514
37529
37561
37568
37576
37577
37585
37590
37590
37595
37605
37609
37628
37631
37634
37635
37653
37655
37659
37676
37696
37714
37737
37745
37755
37759
37765
37770
37772
37772
37780
37780
37781
37784
37802
37810
37828
37845
37847
37855
37876
37903
37904
37921
37924
37925
37926
37934
37943
37956
37974
37982
38005
38035
38052
38054
38070
38073
38077
38084
38091
38096
38106
38115
38115
38124
38136
38137
38139
38154
38166
38212
38225
38241
38248
38258
38267
38273
38284
38309
38316
38321
38327
38357
38362
38385
38388
38395
38408
38419
38420
38429
38437
38458
38461
38511
38511
38552
38561
38562
38573
38575
38577
38587
38590
38612
38624
38636
38644
38644
38651
38671
38674
38674
38690
38712
38720
38726
38752
38756
38762
38773
38788
38814
38823
38849
38862
38893
38894
38898
38916
38916
38919
38939
38953
38956
38964
38967
38991
38999
39043
39045
39049
39050
39073
39105
39107
39163
39186
39190
39198
39200
39203
39216
39220
39227
39242
39261
39263
39267
39288
39293
39309
39311
39314
39326
39327
39347
39365
39389
39402
39412
39438
39438
39446
39455
39459
39471
39471
39472
39474
39478
39479
39483
39485
39486
39506
39511
39522
39525
39532
39541
39552
39552
39556
39569
39571
39577
39582
39585
39590
39591
39592
39594
39595
39606
39607
39611
39646
39649
39667
39684
39700
39711
39712
39723
39745
39755
39765
39779
39802
39804
39816
39821
39822
39834
39852
39852
39859
39900
39900
39915
39922
39924
39949
39965
40005
40008
40012
40017
40040
40053
40070
40072
40088
40090
40132
40135
40142
40152
40167
40195
40204
40213
40231
40234
40237
40250
40255
40268
40277
40278
40282
40290
40303
40303
40306
40311
40315
40318
40323
40325
40327
40328
40337
40339
40348
40354
40358
40358
40358
40364
40366
40389
40394
40395
40406
40408
40425
40443
40472
40477
40488
40499
40506
40515
40525
40525
40533
40541
40561
40563
40569
40593
40597
40613
40620
40652
40659
40661
40671
40676
40689
40696
40697
40709
40721
40744
40758
40767
40768
40771
40800
40800
40806
40816
40819
40819
40820
40825
40827
40828
40852
40859
40862
40876
40879
40887
40911
40919
40932
40941
40986
41011
41025
41028
41037
41044
41046
41066
41076
41112
41114
41124
41137
41153
41162
41177
41189
41190
41191
41193
41220
41224
41225
41229
41233
41244
41247
41268
41276
41285
41312
41317
41375
41381
41398
41403
41407
41410
41416
41445
41446
41450
41451
41453
41478
41480
41492
41496
41500
41512
41519
41525
41533
41571
41580
41580
41584
41594
41615
41616
41619
41627
41628
41639
41651
41676
41682
41690
41695
41697
41701
41708
41713
41714
41723
41735
41746
41749
41749
41751
41756
41777
41805
41810
41812
41813
41825
41841
41842
41843
41857
41861
41873
41876
41886
41892
41898
41933
41941
41953
41954
41966
41966
41986
41986
42009
42023
42024
42024
42044
42103
42104
42111
42155
42172
42185
42189
42192
42214
42231
42232
42240
42245
42246
42250
42261
42270
42285
42288
42294
42296
42304
42355
42367
42390
42393
42440
42443
42455
42479
42504
42538
42545
42554
42557
42563
42568
42578
42586
42601
42606
42611
42617
42620
42640
42643
42650
42666
42679
42681
42682
42691
42723
42737
42747
42751
42780
42782
42790
42805
42826
42827
42829
42831
42852
42853
42853
42856
42911
42919
42928
42971
42984
42989
43015
43077
43084
43116
43156
43157
43159
43181
43187
43192
43193
43213
43215
43225
43226
43227
43228
43229
43247
43251
43269
43294
43305
43314
43318
43326
43328
43339
43354
43359
43364
43387
43397
43404
43405
43406
43420
43435
43442
43445
43450
43451
43454
43463
43481
43485
43485
43489
43490
43514
43518
43530
43556
43557
43561
43599
43643
43647
43651
43659
43663
43673
43717
43741
43755
43769
43778
43786
43802
43804
43815
43839
43847
43864
43867
43868
43871
43872
43881
43892
43929
43952
43963
43970
43986
43987
43992
44034
44049
44053
44072
44083
44103
44113
44119
44138
44150
44151
44174
44185
44188
44200
44202
44204
44213
44221
44231
44233
44260
44268
44270
44274
44276
44282
44289
44315
44318
44319
44326
44330
44334
44338
44346
44353
44358
44366
44377
44387
44397
44415
44433
44443
44447
44469
44470
44472
44481
44496
44530
44538
44545
44558
44562
44566
44571
44581
44586
44592
44597
44597
44608
44627
44627
44632
44634
44638
44642
44647
44654
44674
44694
44697
44705
44745
44754
44757
44767
44773
44783
44798
44803
44819
44823
44852
44856
44868
44875
44881
44899
44922
44928
44934
44954
44959
44961
44965
44966
45012
45018
45053
45054
45061
45065
45065
45079
45086
45091
45109
45109
45119
45121
45139
45141
45143
45159
45162
45163
45172
45178
45181
45184
45207
45209
45209
45215
45220
45227
45235
45241
45241
45248
45258
45271
45290
45297
45311
45317
45322
45325
45336
45353
45356
45364
45394
45410
45413
45422
45425
45426
45429
45442
45442
45456
45468
45470
45499
45502
45504
45520
45547
45591
45596
45603
45604
45646
45651
45652
45660
45671
45674
45679
45701
45703
45710
45712
45716
45720
45722
45735
45750
45760
45778
45789
45805
45807
45809
45832
45836
45848
45854
45859
45864
45865
45870
45872
45886
45886
45890
45895
45899
45902
45908
45925
45933
45935
45941
45956
45958
45969
45984
45990
45998
45999
46004
46019
46030
46040
46044
46073
46076
46077
46116
46121
46122
46140
46149
46152
46187
46189
46204
46209
46214
46226
46230
46230
46256
46263
46269
46275
46279
46287
46290
46314
46325
46327
46350
46366
46389
46390
46391
46393
46398
46421
46425
46429
46435
46439
46447
46452
46469
46493
46503
46506
46516
46520
46527
46542
46542
46552
46576
46600
46610
46613
46624
46629
46636
46650
46656
46665
46682
46694
46710
46740
46741
46743
46745
46791
46800
46802
46809
46811
46819
46823
46827
46832
46833
46838
46847
46853
46860
46867
46871
46873
46880
46889
46893
46896
46899
46900
46908
46909
46915
46915
46931
46943
46971
46982
46995
47013
47039
47045
47063
47064
47067
47072
47081
47102
47111
47128
47145
47153
47156
47158
47158
47162
47166
47173
47173
47191
47202
47220
47239
47240
47247
47274
47288
47304
47305
47306
47316
47321
47326
47337
47358
47371
47373
47374
47375
47376
47413
47427
47428
47440
47440
47459
47465
47480
47485
47502
47510
47526
47533
47535
47546
47566
47572
47586
47605
47617
47625
47631
47643
47646
47674
47695
47712
47716
47727
47757
47760
47779
47789
47789
47802
47806
47829
47839
47839
47851
47852
47854
47864
47869
47878
47879
47894
47906
47909
47909
47915
47915
47930
47954
47959
47975
47995
48016
48019
48026
48036
48049
48062
48064
48078
48092
48097
48111
48115
48126
48146
48146
48155
48162
48169
48170
48183
48183
48205
48207
48208
48219
48229
48238
48257
48287
48304
48332
48346
48348
48358
48366
48366
48367
48372
48379
48389
48399
48404
48408
48409
48422
48424
48429
48429
48453
48463
48481
48484
48487
48487
48487
48502
48504
48509
48530
48548
48557
48564
48574
48575
48580
48582
48586
48588
48597
48610
48619
48633
48634
48642
48657
48658
48666
48677
48688
48715
48719
48720
48734
48741
48746
48747
48757
48757
48762
48773
48775
48795
48800
48815
48815
48818
48826
48861
48863
48867
48875
48905
48907
48908
48912
48929
48980
48988
48989
48996
49020
49033
49044
49048
49054
49063
49075
49093
49100
49107
49138
49144
49161
49168
49168
49174
49185
49186
49209
49213
49220
49223
49248
49251
49252
49270
49282
49282
49293
49306
49308
49314
49330
49341
49342
49357
49363
49381
49385
49395
49401
49410
49427
49435
49448
49455
49457
49458
49474
49478
49502
49504
49513
49513
49516
49529
49530
49531
49546
49579
49586
49601
49610
49611
49612
49614
49622
49631
49644
49645
49646
49659
49660
49665
49671
49685
49688
49701
49707
49711
49713
49715
49725
49725
49729
49733
49746
49753
49753
49759
49771
49781
49786
49793
49795
49795
49805
49808
49825
49854
49855
49867
49876
49895
49904
49908
49910
49913
49914
49918
49918
49921
49922
49939
49953
49956
49961
49962
49968
49981
49990
49997
50031
50033
50062
50081
50083
50084
50094
50097
50102
50108
50114
50130
50133
50145
50151
50156
50160
50177
50183
50186
50201
50201
50206
50210
50210
50210
50221
50228
50233
50250
50254
50263
50263
50265
50274
50285
50293
50323
50325
50346
50346
50378
50383
50385
50391
50395
50400
50424
50425
50435
50441
50442
50459
50461
50469
50470
50474
50481
50528
50549
50569
50583
50632
50635
50643
50654
50655
50663
50714
50717
50719
50727
50749
50755
50781
50785
50793
50797
50819
50826
50828
50840
50869
50871
50883
50890
50917
50925
50926
50934
50937
50946
50946
50957
51001
51004
51014
51021
51024
51029
51034
51039
51051
51058
51082
51088
51098
51099
51100
51100
51122
51156
51166
51171
51198
51226
51261
51262
51271
51284
51287
51298
51310
51314
51315
51334
51344
51349
51357
51362
51366
51370
51373
51377
51378
51391
51412
51420
51430
51433
51443
51449
51453
51454
51466
51470
51474
51510
51521
51524
51526
51532
51547
51553
51554
51557
51560
51563
51571
51609
51621
51629
51632
51636
51662
51664
51666
51669
51685
51697
51716
51723
51730
51732
51741
51743
51756
51756
51783
51784
51797
51803
51816
51817
51822
51834
51838
51844
51857
51869
51869
51915
51943
51960
51976
51991
52019
52023
52024
52024
52029
52033
52048
52052
52052
52056
52071
52075
52097
52122
52132
52132
52137
52137
52137
52153
52155
52159
52159
52165
52170
52181
52189
52193
52216
52257
52275
52277
52301
52311
52319
52334
52350
52356
52361
52367
52381
52400
52400
52406
52409
52425
52437
52437
52450
52455
52456
52469
52477
52480
52491
52498
52505
52526
52532
52535
52538
52541
52586
52595
52619
52622
52623
52623
52628
52640
52655
52659
52662
52665
52678
52692
52697
52713
52722
52724
52730
52741
52742
52751
52752
52764
52771
52779
52792
52797
52800
52831
52834
52862
52863
52877
52895
52909
52909
52917
52923
52936
52936
52948
52958
52967
52982
53001
53015
53036
53036
53039
53040
53048
53068
53073
53076
53093
53110
53130
53159
53163
53168
53169
53181
53182
53188
53209
53209
53245
53245
53249
53268
53268
53275
53280
53305
53312
53347
53349
53351
53360
53401
53403
53410
53411
53413
53423
53429
53430
53436
53446
53456
53481
53490
53498
53505
53537
53546
53551
53562
53572
53587
53590
53602
53603
53630
53670
53697
53712
53721
53735
53739
53769
53790
53793
53822
53826
53828
53829
53832
53840
53852
53860
53860
53882
53890
53893
53897
53957
53959
53964
53987
53990
53995
53998
54007
54007
54030
54037
54044
54052
54054
54060
54065
54067
54079
54092
54104
54104
54106
54118
54123
54124
54141
54151
54155
54201
54211
54217
54228
54242
54245
54252
54270
54271
54273
54277
54282
54290
54308
54308
54309
54310
54334
54344
54350
54351
54359
54389
54414
54457
54478
54488
54493
54502
54506
54518
54575
54588
54597
54605
54617
54623
54640
54640
54642
54659
54673
54676
54677
54686
54698
54714
54721
54727
54732
54735
54737
54739
54748
54769
54783
54794
54799
54805
54806
54810
54814
54826
54828
54837
54860
54874
54879
54893
54897
54903
54909
54917
54933
54943
54947
54955
54960
54965
54978
55008
55012
55019
55031
55034
55040
55042
55060
55073
55092
55096
55107
55107
55113
55118
55119
55121
55130
55132
55138
55156
55166
55168
55170
55172
55181
55212
55221
55221
55228
55234
55253
55260
55261
55280
55282
55282
55291
55303
55313
55317
55325
55326
55326
55330
55331
55349
55376
55385
55396
55400
55405
55407
55413
55419
55421
55426
55427
55433
55452
55468
55469
55479
55481
55488
55489
55491
55492
55495
55505
55515
55543
55548
55557
55559
55564
55573
55589
55607
55635
55653
55654
55663
55671
55675
55692
55693
55716
55733
55737
55755
55778
55780
55805
55812
55821
55849
55851
55854
55855
55860
55880
55894
55897
55910
55926
55927
55928
55932
55934
55951
55958
55977
55980
55981
55981
55982
55990
55997
56018
56022
56059
56066
56071
56084
56085
56109
56110
56121
56121
56130
56130
56143
56155
56162
56164
56166
56176
56177
56179
56179
56184
56197
56203
56213
56242
56242
56245
56247
56249
56252
56263
56275
56279
56300
56302
56316
56326
56330
56339
56349
56351
56363
56370
56372
56382
56393
56418
56430
56437
56454
56457
56472
56476
56477
56479
56483
56484
56493
56501
56514
56516
56533
56536
56546
56549
56565
56566
56572
56581
56595
56595
56598
56599
56604
56632
56634
56636
56639
56657
56669
56672
56691
56697
56700
56749
56751
56758
56759
56768
56770
56774
56789
56794
56806
56817
56820
56830
56831
56865
56867
56871
56893
56912
56915
56928
56939
56966
56977
56985
56987
56989
57004
57005
57020
57034
57052
57066
57082
57084
57086
57088
57090
57146
57149
57153
57160
57164
57174
57179
57207
57210
57212
57218
57234
57250
57269
57270
57274
57274
57278
57286
57300
57319
57331
57333
57353
57354
57358
57361
57364
57371
57375
57376
57401
57412
57421
57464
57465
57471
57497
57508
57509
57511
57519
57530
57537
57542
57544
57553
57573
57575
57578
57581
57585
57588
57596
57612
57615
57621
57625
57632
57637
57637
57672
57676
57702
57703
57736
57741
57747
57753
57754
57758
57799
57813
57815
57827
57828
57829
57843
57851
57862
57872
57879
57881
57891
57898
57905
57929
57930
57936
57966
57969
57988
57988
58000
58011
58014
58029
58034
58060
58077
58103
58112
58128
58129
58133
58148
58151
58154
58172
58177
58179
58203
58213
58225
58243
58254
58258
58260
58323
58337
58339
58341
58343
58354
58382
58388
58391
58417
58430
58439
58449
58459
58466
58468
58477
58486
58506
58523
58538
58539
58576
58585
58595
58605
58610
58624
58632
58638
58661
58664
58668
58672
58686
58702
58706
58719
58722
58728
58739
58744
58767
58769
58792
58805
58807
58812
58839
58839
58841
58844
58862
58863
58873
58878
58882
58882
58890
58920
58935
58940
58942
58943
58943
58948
58958
58969
58969
58996
59011
59013
59015
59021
59043
59044
59046
59054
59092
59094
59094
59103
59124
59126
59132
59135
59137
59143
59145
59149
59188
59190
59199
59201
59208
59215
59218
59224
59225
59226
59268
59274
59280
59288
59298
59310
59311
59319
59320
59326
59353
59356
59362
59385
59402
59411
59417
59462
59482
59483
59483
59489
59495
59500
59510
59523
59532
59551
59556
59583
59598
59618
59627
59662
59669
59683
59701
59702
59705
59720
59721
59726
59733
59737
59756
59767
59767
59782
59806
59811
59813
59818
59821
59832
59832
59838
59850
59855
59858
59867
59869
59878
59903
59904
59907
59926
59939
59953
59955
59960
59961
59970
59973
60007
60031
60035
60056
60068
60075
60075
60088
60089
60107
60112
60117
60119
60120
60124
60126
60139
60155
60166
60178
60191
60195
60198
60201
60220
60227
60244
60249
60254
60259
60267
60322
60326
60330
60341
60341
60355
60367
60375
60377
60399
60404
60405
60426
60445
60452
60480
60494
60511
60533
60537
60550
60569
60573
60594
60603
60617
60618
60628
60628
60635
60642
60650
60670
60679
60684
60695
60698
60726
60729
60732
60736
60739
60747
60782
60797
60810
60816
60816
60823
60896
60901
60902
60913
60931
60971
60972
60972
60973
60985
60987
61005
61006
61012
61025
61027
61048
61061
61061
61083
61087
61093
61096
61098
61101
61104
61119
61121
61124
61124
61128
61130
61135
61142
61153
61166
61171
61174
61175
61177
61182
61218
61222
61225
61227
61230
61235
61264
61265
61271
61311
61333
61343
61348
61367
61368
61373
61377
61395
61398
61403
61420
61440
61447
61456
61458
61471
61486
61489
61492
61496
61499
61508
61530
61540
61547
61556
61598
61610
61612
61622
61654
61665
61671
61686
61700
61710
61722
61729
61734
61735
61735
61739
61755
61755
61760
61764
61774
61777
61778
61784
61787
61799
61809
61819
61819
61826
61837
61839
61854
61861
61863
61875
61888
61891
61909
61931
61946
61972
61975
62000
62001
62012
62015
62023
62024
62037
62064
62072
62080
62087
62098
62103
62108
62109
62120
62130
62134
62161
62163
62184
62203
62210
62232
62241
62251
62251
62273
62281
62281
62292
62295
62297
62324
62325
62331
62333
62340
62347
62351
62355
62366
62371
62371
62374
62377
62377
62391
62393
62407
62425
62427
62427
62434
62436
62453
62456
62459
62481
62530
62531
62542
62584
62588
62594
62600
62615
62636
62642
62671
62686
62701
62704
62742
62766
62768
62799
62802
62827
62837
62840
62840
62841
62841
62856
62865
62867
62894
62902
62902
62904
62906
62909
62909
62987
63014
63015
63019
63019
63022
63036
63044
63071
63073
63074
63077
63079
63082
63090
63094
63118
63120
63131
63141
63157
63164
63178
63213
63233
63242
63245
63256
63259
63279
63304
63319
63334
63370
63388
63405
63405
63410
63410
63424
63435
63436
63439
63453
63458
63461
63472
63472
63477
63491
63506
63531
63551
63555
63555
63564
63571
63584
63595
63605
63618
63625
63632
63633
63636
63645
63646
63656
63693
63700
63707
63708
63717
63721
63730
63733
63742
63754
63779
63782
63797
63816
63830
63831
63848
63860
63862
63862
63883
63887
63893
63899
63908
63921
63924
63929
63945
63973
63974
63988
63999
63999
64004
64016
64025
64034
64059
64062
64065
64078
64084
64092
64098
64098
64111
64125
64129
64170
64181
64184
64187
64199
64201
64217
64226
64235
64243
64265
64269
64275
64275
64286
64300
64303
64310
64310
64344
64350
64400
64405
64414
64421
64429
64434
64444
64485
64488
64500
64511
64520
64522
64528
64543
64544
64544
64548
64560
64569
64586
64587
64588
64592
64601
64604
64616
64629
64640
64663
64666
64678
64690
64691
64700
64703
64707
64709
64719
64729
64769
64779
64783
64788
64800
64810
64810
64811
64828
64836
64843
64851
64857
64861
64866
64870
64898
64906
64912
64915
64951
64984
64987
65008
65081
65083
65116
65118
65121
65129
65144
65174
65181
65197
65212
65218
65224
65232
65241
65254
65261
65264
65291
65295
65297
65312
65323
65338
65343
65344
65345
65346
65364
65394
65412
65440
65444
65454
65459
65468
65471
65502
65511
65541
65556
65577
65586
65588
65626
65633
65638
65658
65663
65663
65684
65690
65690
65696
65696
65697
65706
65711
65713
65723
65723
65724
65744
65748
65750
65755
65755
65757
65759
65782
65795
65810
65813
65816
65818
65822
65827
65850
65863
65864
65868
65869
65870
65872
65874
65879
65890
65912
65913
65925
65928
65933
65943
65950
65984
65992
65993
66011
66021
66047
66054
66057
66061
66070
66071
66083
66109
66124
66126
66142
66160
66160
66167
66171
66193
66194
66196
66208
66233
66233
66235
66244
66245
66248
66250
66262
66283
66294
66315
66331
66342
66344
66364
66381
66394
66404
66416
66426
66427
66431
66434
66445
66450
66466
66479
66481
66484
66486
66499
66501
66509
66511
66517
66520
66545
66560
66568
66596
66598
66605
66631
66636
66664
66674
66678
66682
66687
66695
66710
66720
66721
66722
66723
66726
66738
66759
66777
66788
66793
66827
66833
66851
66861
66861
66870
66879
66884
66890
66908
66912
66926
66927
66940
66947
66947
66950
66950
66971
66975
66976
66977
66987
66992
67006
67014
67015
67023
67029
67034
67057
67065
67076
67082
67116
67119
67151
67157
67167
67171
67179
67191
67200
67254
67265
67271
67273
67273
67281
67281
67318
67348
67348
67357
67371
67394
67402
67430
67440
67470
67478
67489
67539
67541
67578
67590
67591
67591
67600
67609
67609
67628
67629
67671
67684
67691
67701
67715
67748
67771
67795
67813
67819
67830
67832
67847
67858
67862
67863
67911
67921
67926
67932
67941
67972
67986
67987
68002
68017
68074
68082
68084
68086
68089
68092
68110
68112
68133
68143
68164
68173
68176
68176
68178
68180
68195
68213
68218
68220
68223
68230
68240
68250
68286
68293
68297
68298
68310
68324
68328
68343
68346
68346
68351
68362
68367
68369
68370
68374
68377
68382
68398
68406
68406
68432
68439
68441
68456
68485
68496
68497
68505
68510
68516
68519
68537
68552
68560
68562
68564
68592
68605
68630
68640
68645
68654
68656
68667
68678
68684
68698
68700
68717
68726
68730
68746
68754
68791
68799
68813
68813
68821
68839
68846
68870
68874
68881
68889
68898
68913
68921
68928
68944
68974
68974
68976
68996
69009
69011
69014
69018
69026
69031
69046
69050
69055
69094
69104
69114
69128
69129
69130
69137
69168
69176
69177
69180
69186
69191
69194
69195
69206
69207
69213
69215
69232
69239
69240
69282
69293
69302
69303
69305
69309
69320
69325
69327
69347
69350
69354
69355
69374
69374
69399
69429
69438
69442
69484
69487
69493
69493
69494
69495
69500
69501
69527
69540
69546
69552
69555
69572
69572
69584
69591
69601
69607
69620
69625
69629
69650
69652
69661
69668
69699
69701
69708
69714
69724
69727
69738
69740
69744
69747
69747
69760
69760
69761
69766
69768
69773
69780
69793
69797
69801
69817
69820
69851
69852
69853
69861
69869
69883
69885
69891
69902
69921
69927
69931
69938
69941
69945
69947
69960
69962
69968
69984
69986
69996
70017
70018
70023
70025
70029
70044
70045
70049
70055
70058
70068
70072
70078
70079
70080
70088
70124
70133
70135
70144
70145
70149
70162
70166
70167
70169
70195
70201
70203
70234
70234
70245
70250
70256
70258
70273
70274
70275
70281
70284
70299
70306
70309
70310
70310
70322
70342
70348
70350
70354
70366
70381
70383
70394
70398
70408
70420
70425
70441
70441
70452
70453
70462
70467
70500
70502
70508
70528
70533
70537
70538
70552
70581
70593
70620
70627
70628
70632
70646
70678
70685
70716
70724
70726
70728
70739
70753
70757
70784
70788
70805
70813
70854
70855
70859
70859
70870
70879
70881
70886
70889
70896
70898
70900
70906
70930
70944
70949
70950
70954
70973
70979
70994
71001
71012
71019
71021
71054
71058
71066
71083
71137
71139
71146
71172
71186
71192
71211
71217
71242
71248
71261
71278
71286
71289
71291
71296
71298
71299
71308
71316
71319
71330
71336
71341
71346
71353
71384
71385
71390
71398
71413
71442
71443
71453
71468
71503
71505
71506
71507
71540
71547
71551
71558
71566
71566
71627
71631
71637
71640
71677
71685
71692
71693
71697
71697
71700
71709
71714
71714
71735
71736
71737
71738
71743
71755
71768
71782
71792
71799
71803
71819
71826
71835
71841
71862
71866
71877
71894
71895
71899
71914
71928
71943
71946
71963
71967
71972
71982
71987
71992
71992
71994
72000
72016
72029
72031
72035
72039
72043
72046
72051
72053
72062
72088
72101
72104
72117
72122
72127
72169
72171
72173
72175
72184
72187
72206
72207
72208
72213
72216
72225
72226
72229
72245
72253
72258
72259
72277
72285
72286
72289
72293
72316
72318
72396
72403
72403
72408
72418
72421
72438
72446
72447
72448
72462
72474
72480
72499
72518
72542
72558
72570
72581
72583
72584
72607
72626
72629
72656
72664
72697
72710
72719
72735
72743
72748
72764
72838
72843
72847
72855
72861
72863
72870
72873
72875
72889
72892
72928
72947
72956
72963
72966
72968
72984
73001
73002
73011
73015
73017
73030
73036
73052
73074
73080
73104
73105
73112
73116
73118
73123
73141
73163
73192
73201
73212
73223
73257
73270
73282
73296
73304
73319
73327
73329
73339
73342
73348
73362
73382
73391
73391
73399
73402
73419
73450
73471
73495
73519
73552
73553
73560
73576
73605
73606
73622
73628
73628
73630
73644
73646
73696
73698
73705
73707
73717
73724
73724
73727
73729
73729
73737
73753
73754
73756
73765
73795
73799
73812
73816
73826
73828
73832
73851
73864
73880
73885
73895
73895
73908
73920
73931
73938
73940
73944
73950
73958
73959
73966
73991
73998
74003
74027
74031
74033
74033
74036
74046
74049
74054
74054
74096
74102
74117
74119
74123
74137
74143
74147
74150
74152
74162
74172
74198
74211
74214
74222
74251
74268
74271
74272
74274
74280
74288
74292
74295
74317
74338
74347
74361
74395
74396
74403
74409
74420
74422
74448
74466
74487
74491
74496
74506
74531
74536
74553
74556
74562
74592
74598
74611
74625
74630
74641
74661
74663
74666
74669
74675
74677
74684
74700
74724
74730
74735
74736
74743
74757
74766
74770
74788
74788
74792
74819
74842
74855
74884
74893
74895
74896
74912
74919
74922
74928
74943
74972
74982
74992
74994
75034
75040
75044
75076
75087
75090
75095
75095
75102
75118
75122
75144
75146
75154
75184
75211
75212
75240
75242
75255
75273
75273
75276
75278
75280
75289
75298
75329
75351
75367
75387
75400
75405
75406
75429
75439
75441
75450
75463
75481
75493
75507
75525
75589
75609
75615
75618
75631
75654
75657
75658
75679
75686
75702
75708
75711
75711
75712
75725
75743
75744
75749
75757
75775
75783
75792
75795
75800
75819
75820
75832
75833
75838
75844
75855
75858
75874
75878
75889
75894
75897
75909
75910
75916
75924
75927
75933
75941
75949
75961
75962
75976
75983
75984
75985
76001
76011
76013
76013
76018
76024
76057
76078
76085
76088
76101
76102
76131
76137
76162
76168
76168
76180
76185
76197
76200
76209
76211
76213
76232
76239
76247
76257
76289
76298
76299
76301
76341
76349
76362
76363
76372
76387
76390
76406
76425
76459
76459
76462
76477
76485
76486
76506
76507
76523
76552
76553
76555
76581
76592
76601
76623
76625
76643
76652
76666
76666
76689
76714
76727
76752
76775
76788
76792
76794
76795
76803
76804
76820
76849
76851
76851
76863
76876
76881
76892
76904
76943
76947
76958
76972
76983
76996
77020
77023
77031
77051
77057
77071
77089
77110
77110
77114
77115
77116
77130
77143
77144
77155
77185
77187
77192
77233
77233
77239
77242
77254
77263
77284
77287
77314
77332
77333
77357
77358
77362
77374
77387
77392
77400
77419
77438
77440
77445
77458
77508
77509
77512
77541
77550
77551
77561
77577
77581
77583
77593
77597
77612
77613
77615
77628
77635
77637
77645
77654
77680
77697
77704
77711
77718
77727
77730
77744
77764
77786
77816
77847
77852
77868
77871
77876
77903
77905
77949
77962
77966
77967
77978
77993
77995
78012
78017
78030
78037
78046
78059
78060
78062
78071
78092
78093
78094
78094
78109
78114
78153
78162
78167
78170
78177
78188
78207
78213
78215
78218
78231
78231
78253
78262
78275
78277
78283
78284
78287
78303
78310
78311
78311
78313
78334
78337
78338
78340
78354
78358
78372
78400
78400
78402
78412
78419
78424
78429
78429
78460
78461
78463
78469
78475
78480
78489
78494
78497
78539
78540
78589
78608
78625
78630
78644
78644
78653
78672
78674
78677
78683
78692
78697
78721
78722
78729
78740
78754
78775
78780
78789
78811
78827
78837
78838
78858
78861
78868
78871
78877
78911
78916
78918
78922
78923
78931
78935
78948
78957
78971
78973
78975
78987
78993
79000
79010
79010
79027
79048
79049
79064
79065
79069
79074
79090
79095
79111
79114
79116
79129
79136
79141
79154
79154
79157
79159
79171
79178
79182
79196
79196
79200
79223
79223
79241
79246
79248
79252
79295
79295
79299
79308
79308
79310
79316
79343
79362
79377
79388
79399
79403
79422
79429
79439
79445
79450
79454
79472
79477
79478
79491
79494
79504
79508
79534
79539
79544
79546
79551
79563
79564
79585
79587
79592
79593
79601
79614
79624
79642
79646
79662
79674
79684
79710
79730
79736
79743
79771
79774
79781
79786
79788
79804
79828
79835
79869
79870
79875
79882
79906
79954
79955
79957
79983
79983
80010
80016
80026
80043
80062
80068
80068
80078
80083
80100
80111
80130
80145
80146
80148
80148
80152
80153
80164
80173
80188
80196
80202
80203
80225
80230
80269
80318
80325
80327
80347
80387
80388
80420
80467
80467
80468
80474
80479
80505
80506
80506
80521
80523
80525
80554
80557
80578
80599
80622
80623
80623
80632
80636
80642
80648
80658
80661
80662
80662
80668
80671
80673
80684
80696
80697
80718
80721
80722
80728
80735
80742
80773
80796
80801
80821
80832
80849
80854
80860
80861
80882
80897
80907
80923
80952
80953
80976
80976
81011
81033
81040
81049
81057
81061
81061
81064
81087
81096
81099
81126
81130
81161
81190
81223
81230
81230
81235
81244
81244
81249
81258
81279
81284
81285
81285
81301
81302
81306
81315
81325
81344
81361
81365
81366
81371
81386
81392
81401
81402
81412
81428
81432
81443
81446
81451
81454
81461
81479
81488
81501
81523
81544
81546
81552
81558
81565
81569
81577
81582
81582
81585
81591
81594
81597
81618
81652
81661
81673
81700
81707
81709
81710
81718
81728
81763
81779
81804
81806
81808
81837
81840
81844
81884
81898
81909
81915
81916
81922
81925
81942
81959
81960
81967
81977
81984
81995
81997
82007
82007
82009
82068
82098
82101
82105
82110
82124
82128
82131
82139
82147
82169
82177
82205
82209
82213
82217
82218
82218
82230
82241
82249
82267
82276
82288
82301
82304
82309
82324
82349
82355
82363
82378
82397
82402
82407
82410
82419
82468
82485
82490
82521
82525
82527
82529
82533
82534
82541
82548
82557
82563
82579
82603
82605
82614
82655
82656
82658
82659
82679
82683
82684
82693
82696
82719
82720
82721
82727
82743
82754
82771
82822
82825
82828
82833
82852
82878
82884
82896
82903
82904
82926
82937
82938
82960
82969
82971
83006
83012
83018
83027
83033
83048
83049
83058
83072
83075
83077
83078
83084
83086
83097
83100
83104
83114
83121
83123
83124
83159
83159
83160
83168
83175
83178
83178
83189
83209
83229
83234
83241
83265
83269
83275
83277
83293
83308
83310
83315
83319
83327
83373
83390
83392
83399
83402
83432
83439
83444
83447
83448
83450
83457
83465
83475
83478
83481
83491
83497
83511
83544
83554
83575
83580
83580
83582
83611
83624
83631
83632
83656
83665
83667
83701
83703
83726
83735
83743
83746
83755
83769
83775
83786
83793
83796
83797
83824
83824
83832
83850
83869
83882
83900
83904
83907
83913
83925
83929
83932
83933
83969
83987
83993
83998
84000
84055
84087
84092
84101
84108
84111
84127
84131
84131
84171
84186
84187
84214
84214
84225
84250
84252
84264
84276
84282
84288
84299
84312
84320
84329
84346
84349
84358
84358
84369
84381
84389
84396
84436
84437
84439
84464
84491
84497
84501
84503
84507
84510
84510
84535
84543
84568
84568
84578
84579
84581
84596
84599
84606
84612
84618
84623
84637
84638
84646
84663
84665
84671
84673
84676
84677
84678
84693
84694
84727
84733
84733
84735
84757
84762
84764
84773
84785
84786
84800
84810
84813
84829
84835
84852
84853
84860
84874
84879
84885
84890
84896
84896
84912
84923
84924
84927
84940
84943
84948
84953
84967
84968
84970
84971
84984
85001
85014
85034
85044
85045
85048
85052
85057
85073
85077
85088
85095
85111
85112
85126
85134
85144
85148
85149
85163
85191
85192
85200
85227
85235
85237
85243
85247
85265
85266
85269
85280
85288
85302
85303
85308
85325
85328
85328
85342
85342
85352
85373
85402
85405
85406
85417
85424
85434
85449
85493
85505
85515
85517
85521
85531
85552
85561
85562
85573
85589
85589
85594
85600
85614
85615
85632
85640
85657
85670
85695
85699
85701
85716
85726
85731
85756
85761
85772
85780
85788
85788
85819
85823
85825
85827
85833
85838
85844
85847
85850
85857
85858
85871
85874
85880
85884
85897
85900
85906
85909
85925
85932
85934
85936
85951
85953
85966
85967
85968
85970
85992
86040
86042
86055
86057
86059
86064
86067
86068
86076
86080
86104
86118
86125
86128
86167
86175
86176
86194
86200
86219
86221
86231
86244
86270
86277
86282
86286
86288
86291
86307
86334
86337
86361
86365
86380
86383
86408
86409
86410
86414
86415
86418
86437
86439
86449
86484
86484
86487
86490
86513
86530
86535
86535
86553
86554
86579
86581
86590
86598
86599
86620
86620
86651
86659
86676
86677
86687
86690
86696
86717
86718
86724
86735
86749
86759
86763
86769
86778
86795
86815
86827
86835
86853
86857
86868
86877
86887
86902
86939
86942
86943
86960
86972
86983
86987
87028
87028
87033
87059
87067
87081
87092
87110
87119
87120
87123
87137
87138
87139
87162
87174
87185
87197
87216
87253
87311
87312
87317
87321
87322
87345
87348
87385
87395
87395
87422
87429
87432
87436
87456
87460
87460
87509
87512
87516
87521
87527
87546
87552
87564
87567
87568
87574
87584
87584
87587
87597
87597
87606
87614
87617
87618
87623
87623
87640
87648
87664
87666
87668
87676
87679
87680
87711
87724
87725
87733
87738
87739
87761
87765
87774
87779
87788
87827
87841
87846
87870
87871
87878
87879
87887
87899
87902
87912
87921
87932
87934
87940
87942
87943
87967
87975
88008
88032
88049
88069
88071
88079
88084
88106
88117
88119
88125
88139
88151
88156
88160
88164
88172
88188
88190
88194
88214
88216
88217
88228
88242
88249
88264
88272
88282
88305
88319
88323
88330
88347
88360
88370
88373
88375
88376
88378
88380
88382
88395
88401
88410
88414
88416
88426
88431
88436
88448
88456
88460
88461
88479
88480
88505
88531
88543
88554
88561
88584
88585
88606
88625
88628
88631
88656
88663
88665
88668
88671
88680
88714
88735
88744
88760
88787
88805
88825
88826
88834
88837
88848
88860
88860
88863
88875
88885
88894
88911
88921
88922
88931
88933
88952
88955
88983
88993
89004
89004
89006
89025
89027
89028
89028
89029
89051
89082
89096
89121
89123
89133
89135
89162
89180
89181
89187
89206
89217
89218
89221
89243
89248
89250
89284
89297
89302
89311
89312
89313
89316
89332
89341
89342
89348
89361
89381
89381
89391
89414
89416
89417
89425
89432
89442
89443
89458
89461
89489
89492
89497
89498
89501
89524
89546
89552
89555
89561
89569
89571
89572
89573
89581
89583
89587
89601
89629
89634
89635
89648
89656
89669
89675
89689
89698
89703
89705
89718
89739
89740
89752
89759
89765
89773
89785
89787
89805
89812
89813
89833
89833
89859
89871
89876
89880
89885
89899
89911
89914
89921
89933
89943
89946
89959
89960
89968
89968
89969
89973
89981
89983
89986
89995
90000
90024
90034
90047
90055
90063
90065
90067
90068
90074
90075
90089
90089
90101
90105
90106
90115
90126
90130
90132
90144
90155
90156
90164
90173
90185
90201
90203
90213
90220
90222
90222
90231
90251
90254
90282
90283
90283
90303
90311
90325
90353
90357
90358
90359
90375
90375
90384
90389
90405
90408
90409
90417
90420
90435
90438
90441
90449
90462
90496
90510
90515
90520
90534
90537
90551
90554
90562
90563
90575
90575
90603
90617
90631
90632
90632
90654
90655
90666
90694
90700
90702
90706
90708
90714
90722
90723
90728
90739
90742
90742
90751
90760
90764
90780
90781
90800
90803
90825
90836
90837
90839
90848
90855
90860
90865
90866
90875
90878
90895
90896
90903
90905
90913
90914
90938
90955
90956
90957
90972
90976
90983
90987
91007
91024
91025
91034
91039
91048
91063
91064
91066
91084
91093
91102
91118
91128
91140
91145
91149
91149
91151
91155
91155
91163
91196
91219
91241
91257
91262
91264
91277
91283
91316
91322
91324
91333
91348
91348
91360
91364
91371
91373
91373
91382
91383
91421
91424
91428
91431
91436
91440
91445
91455
91471
91473
91494
91500
91503
91515
91549
91553
91559
91560
91567
91573
91579
91603
91605
91622
91631
91632
91645
91680
91687
91696
91703
91709
91723
91723
91726
91741
91778
91799
91805
91805
91825
91848
91861
91868
91875
91881
91893
91895
91903
91910
91917
91936
91941
91941
91943
91950
91954
91980
91985
91996
92004
92006
92007
92008
92012
92017
92022
92033
92042
92050
92052
92055
92066
92074
92088
92120
92123
92149
92160
92161
92180
92196
92200
92212
92220
92220
92221
92231
92234
92237
92237
92250
92256
92258
92258
92267
92277
92281
92281
92295
92297
92309
92315
92326
92330
92339
92352
92364
92386
92387
92390
92398
92406
92420
92439
92454
92465
92466
92477
92488
92490
92497
92501
92520
92538
92545
92555
92562
92577
92578
92588
92594
92596
92598
92611
92620
92633
92634
92641
92664
92668
92676
92679
92685
92686
92697
92702
92716
92717
92722
92733
92735
92740
92772
92777
92784
92789
92810
92816
92837
92892
92910
92917
92917
92919
92922
92948
92949
92954
92958
92967
92974
92981
92995
93010
93020
93023
93030
93054
93068
93074
93075
93082
93093
93095
93111
93122
93128
93135
93141
93153
93156
93184
93192
93196
93208
93209
93211
93215
93228
93237
93248
93250
93277
93284
93292
93309
93311
93323
93332
93347
93364
93413
93427
93428
93454
93454
93458
93463
93474
93482
93514
93537
93548
93549
93550
93566
93568
93569
93580
93583
93590
93606
93619
93622
93633
93666
93667
93686
93701
93702
93703
93711
93725
93736
93755
93755
93772
93775
93777
93799
93811
93818
93821
93828
93828
93830
93839
93847
93848
93867
93868
93910
93910
93914
93917
93925
93928
93928
93936
93963
93969
93974
93997
94002
94011
94013
94019
94020
94042
94047
94049
94055
94061
94078
94112
94116
94127
94132
94139
94159
94159
94161
94166
94201
94212
94219
94228
94229
94233
94234
94238
94261
94265
94268
94274
94279
94288
94299
94302
94307
94337
94340
94347
94350
94366
94373
94374
94384
94389
94396
94406
94419
94450
94466
94468
94475
94491
94521
94528
94544
94584
94607
94611
94612
94640
94641
94650
94670
94685
94691
94708
94713
94717
94727
94729
94736
94746
94746
94747
94753
94755
94771
94776
94776
94778
94779
94793
94803
94803
94812
94813
94814
94818
94819
94825
94826
94871
94873
94885
94896
94901
94905
94915
94919
94921
94929
94939
94946
94948
94955
94960
94960
94964
94981
94985
94995
94998
95020
95027
95028
95039
95050
95050
95059
95080
95081
95092
95104
95114
95119
95126
95129
95130
95144
95159
95167
95171
95175
95182
95183
95184
95184
95188
95190
95196
95196
95222
95255
95259
95264
95273
95287
95288
95314
95316
95324
95326
95332
95353
95365
95392
95396
95398
95399
95404
95406
95409
95409
95416
95445
95451
95452
95460
95464
95464
95469
95475
95503
95506
95520
95521
95523
95539
95543
95567
95593
95604
95610
95615
95618
95618
95636
95636
95636
95644
95650
95659
95664
95671
95703
95705
95712
95716
95720
95737
95764
95768
95777
95791
95797
95808
95808
95809
95826
95844
95845
95854
95861
95892
95896
95901
95944
95957
95962
95962
95972
95978
95979
95986
95988
96004
96016
96034
96062
96074
96076
96087
96090
96091
96095
96096
96100
96102
96114
96119
96144
96151
96153
96159
96171
96175
96182
96196
96210
96226
96227
96235
96240
96248
96248
96279
96284
96286
96296
96297
96297
96303
96311
96313
96325
96325
96329
96338
96343
96344
96353
96355
96373
96398
96405
96409
96409
96423
96434
96444
96461
96473
96482
96482
96516
96572
96574
96578
96593
96593
96596
96599
96600
96603
96627
96641
96644
96653
96654
96661
96696
96707
96709
96711
96711
96727
96775
96805
96862
96902
96906
96909
96923
96934
96941
96943
96943
96964
96969
96995
97014
97015
97039
97041
97060
97073
97083
97123
97137
97139
97146
97147
97150
97161
97164
97172
97187
97214
97217
97224
97225
97245
97247
97250
97260
97274
97278
97280
97291
97295
97298
97327
97329
97331
97332
97337
97348
97354
97379
97379
97381
97383
97384
97408
97409
97424
97427
97461
97468
97478
97488
97496
97508
97512
97519
97519
97523
97537
97539
97541
97550
97560
97565
97580
97586
97603
97609
97625
97643
97664
97670
97672
97682
97689
97689
97689
97692
97693
97696
97717
97742
97775
97794
97797
97806
97810
97814
97869
97871
97882
97897
97899
97913
97925
97933
97934
97940
97943
97952
97974
97974
97980
97981
97982
97991
97994
98006
98008
98018
98020
98026
98033
98042
98046
98052
98062
98065
98103
98117
98118
98126
98144
98155
98169
98198
98210
98212
98214
98217
98217
98220
98231
98240
98251
98253
98260
98265
98266
98276
98294
98296
98296
98315
98322
98324
98325
98334
98337
98338
98365
98374
98374
98407
98408
98421
98427
98432
98438
98440
98459
98474
98475
98499
98508
98510
98538
98551
98556
98569
98571
98582
98603
98629
98632
98636
98638
98669
98686
98697
98702
98703
98710
98719
98720
98722
98732
98736
98743
98746
98760
98762
98768
98781
98784
98816
98831
98840
98868
98876
98880
98908
98923
98933
98967
98971
98982
98990
99004
99006
99017
99031
99052
99063
99084
99109
99117
99120
99140
99145
99147
99163
99188
99190
99200
99236
99239
99274
99280
99302
99321
99349
99351
99367
99369
99380
99394
99398
99421
99425
99427
99449
99453
99463
99465
99473
99475
99507
99537
99538
99542
99549
99563
99576
99581
99613
99629
99648
99691
99693
99702
99705
99707
99718
99721
99737
99737
99744
99764
99767
99784
99803
99827
99831
99835
99838
99855
99866
99869
99870
99901
99903
99919
99921
99922
99926
99928
99951
99959
99960
99970
99977
99985
99989
99999
