4133
1947
1513
6229
1536
4889
9040
1878
8503
9084
421
1745
6728
5692
9539
9964
6771
2961
6816
9185
7707
8220
9099
4691
1521
5757
9513
1652
7227
4072
2594
457
9063
8430
5923
2033
3713
4811
65
5696
6898
2748
9363
2234
5713
6360
1956
6404
9256
462
8760
1508
7114
2496
3163
2391
7861
957
3277
2227
8136
1312
4729
4392
5145
5397
1586
9885
7101
5984
7500
9915
9031
1265
7085
3682
7147
721
7819
5346
1407
6016
1638
83
8259
5052
5412
1339
7187
3429
2635
1869
3649
3175
3972
5961
8803
8424
792
1892
6653
8621
306
6407
117
9571
1525
4802
911
4372
6049
5229
4181
6043
4685
3199
8547
4303
8301
25
3654
6849
4921
9723
5539
9190
3067
713
928
3578
7142
268
8592
2869
720
4257
1544
8807
6221
1551
3899
9451
965
3191
7225
5567
8696
8358
143
1220
6709
2180
7034
554
8371
2037
395
6275
8127
3532
2498
9313
8221
9361
5812
501
4479
5161
3123
2986
6932
5581
9751
8568
5292
3591
7296
2374
3626
1244
1325
3771
5610
3004
2446
6775
3558
8739
9399
647
7930
9030
1098
7292
2064
8067
8341
4414
80
215
7394
9347
6017
2048
7045
5210
9064
7692
3805
902
5568
3943
3281
2158
9956
6486
7481
2280
6729
7272
4333
1066
3144
2995
7216
5079
8705
6042
8019
5925
3986
5415
6345
3479
3681
6522
5
3788
3537
3997
1417
7851
5659
8509
360
7774
7471
1230
7905
8637
4459
7918
869
4912
2565
7312
7914
1891
6402
6942
822
4609
3418
2530
5502
7624
1106
5596
5214
6261
3128
9321
780
9566
8469
2609
7817
4800
6661
2171
6856
26
7123
6528
8384
8682
5911
8536
9789
7644
2584
4077
9573
8627
513
2361
6718
6974
8964
8625
209
9021
4272
5986
855
341
2911
6810
7133
4670
791
8279
9416
7912
4451
1989
2649
2352
2209
2637
8920
975
5897
5261
8370
9545
8098
7875
9698
6060
9226
1465
8522
1655
1896
9033
8713
4627
2710
3138
6886
6908
7582
8073
8072
3425
6090
4878
5060
9651
4269
9180
9300
6267
9411
5619
6714
7957
8270
2008
5308
440
4790
5580
6216
7925
33
1305
8734
461
8087
5799
2073
9065
4040
3151
1489
6673
9681
9508
4615
6095
8250
3333
5764
194
3686
4956
2354
6157
9811
1703
6767
9825
3288
3018
3879
2071
6925
6165
8618
3432
4447
4694
5460
4991
8876
9989
6665
1148
7411
590
3610
1293
3035
3971
7717
813
7441
5855
9976
1649
5653
2566
5912
1071
6691
9557
8801
4026
4316
7176
3464
309
3989
3658
15
3605
1252
3198
7432
7308
78
4177
3044
5807
588
8076
9997
2881
6459
1564
3173
5403
7092
4355
3948
9172
8613
8115
2285
5571
3938
7179
7359
711
9057
7427
4009
7180
5838
1557
5155
7645
3734
6299
7997
6322
909
7767
5181
84
7061
1760
7931
1442
9342
5400
8049
9492
5553
5009
4319
8268
256
2346
7954
7850
7779
4155
5376
1546
5595
4370
1660
5428
4462
9509
4328
3828
8113
4097
7096
5557
5305
8374
5491
1596
637
5004
238
2344
4069
9565
2324
8825
4388
5504
5163
7606
3010
5367
5737
4601
1240
3229
5510
7261
8300
9920
2560
7438
2135
8658
4240
8092
45
7702
1067
4760
7469
8865
7345
3477
2865
8976
7019
7596
7610
6755
1694
7923
4565
2951
1059
2551
9188
4859
5215
3995
5323
2167
7667
3711
5513
4408
3089
9020
3787
6117
6896
1972
1786
7741
3572
5959
3810
4611
5906
8350
1280
858
3350
7983
7459
8097
1814
6797
236
6510
971
9601
931
9848
9396
4466
1791
3850
5804
2685
7486
5289
1157
6977
9370
5585
4929
9053
5206
1438
6708
4823
9940
4655
9905
532
5586
6054
7563
8404
9424
4780
1493
8132
620
342
7295
611
5482
503
8615
8044
2335
6354
3311
8605
4320
7453
5732
6945
9290
9481
7252
2630
565
6464
142
1687
6134
5390
7325
7642
7413
3865
4376
4474
8571
9612
2745
4951
1656
7330
4309
3516
7939
3346
5552
7284
5740
74
3548
1027
8217
8388
4561
8150
3909
3974
9814
410
4323
5861
4055
7603
5731
5142
2468
4787
4838
8162
767
6806
2407
5819
5152
3072
3945
8159
7677
8785
6535
1026
7390
8691
6202
7576
6579
2922
9726
5018
2990
3347
1338
3367
1456
4353
7186
7028
5200
5297
2330
3714
137
9777
9168
43
3789
3625
9120
6762
9495
7840
188
7503
8758
5973
6334
6012
2781
8228
4937
357
2664
6998
8448
2358
8473
3637
3872
9901
7093
2122
4608
8884
7837
9092
5240
7362
3965
7422
9985
1304
7195
3368
3116
618
9263
7015
3947
1454
2369
7273
3500
8285
2585
6834
6865
3259
2828
4658
802
3940
5665
3440
8858
1696
4841
8428
2917
8170
3852
6647
2997
4194
4422
6198
3745
2024
6140
803
4747
7726
9113
7638
368
8211
828
1651
276
604
9393
8199
5300
9604
3232
2100
3149
9935
1433
7825
9365
1581
3894
3263
7380
1120
3642
8900
1108
6872
204
8855
2596
6731
1899
4961
1054
5786
8324
8790
6436
1166
6568
3587
76
8585
8321
1356
1205
2289
7406
7171
9504
1532
7505
6123
246
5652
2126
8572
7922
3005
1776
7256
469
5253
4748
7758
8203
3604
6798
9070
5126
339
9469
5259
2050
747
3003
8120
3820
4543
2835
2719
7068
9773
8389
8265
9009
3083
5112
3631
2846
4393
2315
1491
9547
6383
5232
2418
4169
6116
9753
1104
397
3466
5154
6450
5198
6527
4599
5466
1006
3962
7474
5689
5569
6567
8822
2688
3085
6692
7917
1633
2292
2081
763
1377
308
7053
9778
9987
2753
1163
860
2166
2813
6678
7518
6685
6190
8158
9713
1183
9572
2013
4971
5141
4315
1650
1144
9912
2451
535
5750
982
4478
979
1084
8770
1116
2319
2999
6851
2031
5035
3291
5978
1393
6543
8598
5399
5979
7660
1795
794
1277
5417
3880
3813
4222
6466
4190
5057
3529
7372
4437
1080
2956
7429
4808
7584
7968
6399
1753
4593
2284
3671
9728
5730
5426
824
1331
5051
8949
1659
6786
7410
7383
8824
8114
6986
7955
7681
8828
5347
5020
4613
51
2537
8781
7343
1374
5843
6902
3953
1254
4297
2901
9194
8629
9221
1904
8866
571
9835
210
7714
4156
6308
1341
3796
628
8342
4431
6278
4509
8168
9500
5561
3576
811
3881
2803
7591
7027
6353
1585
5429
9254
4189
2716
7064
5207
1150
5832
6469
562
9620
9618
2279
2131
1103
6058
1865
1853
6478
3256
1419
2282
5538
6630
8124
6224
517
3804
1328
7935
1110
7081
9485
3902
2582
9042
2622
484
9794
519
91
8787
4278
7282
88
1572
6677
5276
2884
3024
218
8291
9304
3750
7683
2271
4364
4510
1530
523
6396
270
2078
393
2739
3562
8272
8543
203
7426
5316
3501
4656
4091
6646
6503
6934
8926
2388
2218
6602
3783
32
7696
645
3025
3951
4042
2465
7290
7889
2228
8165
7103
776
478
2891
1111
8518
3054
5589
3401
7630
3822
5797
2953
8365
4650
8103
8047
5382
217
5980
7244
8517
9112
9413
8523
8852
6735
8795
2663
5120
1030
1597
5439
6936
2091
4986
9791
3593
9667
536
4666
3536
317
4467
7449
4870
6746
8958
4752
1948
5583
1623
7856
7333
5247
2631
8281
1361
9141
5277
9187
2188
208
9967
4282
2222
3630
9955
5768
8835
9210
5435
8166
2442
1688
5054
3933
9554
6037
2255
9988
6066
1695
4637
9779
1872
2666
6462
9080
8903
5174
273
597
4891
5271
3507
3111
8327
5459
5626
4958
7879
2216
9134
7267
5170
4832
9886
8983
5231
4277
2707
4908
3608
1238
8859
2587
4924
8902
3983
1912
4674
6400
6710
4657
7854
7909
5705
6701
5948
8206
7389
7671
4556
5143
4684
9368
219
6744
5747
5476
2679
4231
7316
2020
7566
8890
5183
7152
7403
3668
5045
6985
8202
6705
6717
7433
9647
2329
5159
139
4131
3306
7616
4171
4078
7585
6285
8648
3307
5044
9995
123
9146
5431
1671
5954
7664
291
4380
5968
2396
1560
4423
2002
448
6900
7198
7039
3964
9437
1844
9177
330
8085
3645
2564
8026
8065
7134
4540
6788
986
1895
4022
958
7302
6078
5350
8603
7181
100
542
1406
7460
6723
4750
4840
698
6541
9552
7752
8110
1790
7730
5280
1640
7269
5554
9865
8711
5698
4661
1276
4162
5872
9541
3153
7824
4197
7517
7673
6721
8316
1780
3690
7651
6504
2430
8043
6368
8845
4974
1229
4012
3262
8376
8455
9045
1271
5104
955
4456
8288
1763
8251
4979
9357
1192
1284
1683
9943
7873
4854
4818
1538
1075
2172
2611
2506
7430
2976
6444
2665
1825
9678
2729
5508
7722
5197
807
3360
5100
3662
8794
8471
2633
3935
2257
7623
5499
3893
1087
710
9971
9507
4148
4343
4092
852
553
1225
2503
6442
636
1576
1261
5778
7540
5929
9109
2913
4766
5199
2583
1535
7366
768
288
1523
1922
9249
507
1348
7062
7964
1740
5573
9594
2862
5503
9687
7663
8793
7051
5739
1255
4742
4999
9603
2505
2403
7388
4635
3829
6745
7809
3201
3596
2273
5644
8970
5430
688
29
9719
9235
6917
2162
1593
8240
4890
582
5036
5844
4275
6191
9802
3088
9441
9689
760
3806
2690
9637
6343
5680
1281
4424
1466
5481
6785
6333
2533
6901
7537
9973
4161
3906
8396
9606
4911
9043
6930
2035
350
5038
2254
4330
2015
3187
2061
2382
1751
1997
5898
5946
92
6039
1960
7725
3496
3338
4519
8410
9909
1704
967
4375
5833
9934
1712
9494
755
387
3831
6032
8025
2968
5584
7994
7083
5555
4281
6790
8978
9959
5056
8139
121
6611
9893
3667
9786
9859
2386
4209
2517
2150
3206
7196
1697
9275
4503
3241
9593
8766
64
2921
7747
8445
7965
5516
7827
7885
1164
2547
5811
185
3759
7512
7215
6626
248
9126
2136
5792
2470
4391
9553
8655
6578
1246
7467
3687
5314
8155
2479
998
7765
8263
3542
4014
9877
1485
2924
5882
997
5313
6227
9266
3846
1061
4117
5670
2495
2704
3182
3383
2964
8617
312
7141
2860
280
6844
4554
6491
7706
483
8337
9309
283
3098
4845
4329
2735
4662
1453
9380
7795
8799
9149
6290
1591
5388
1778
2863
6132
7999
6855
9055
8005
4486
6969
1911
8694
3725
7631
9162
9128
3221
4526
1830
2550
9351
831
2669
5058
1728
608
27
7698
1886
5445
1862
7796
4910
5994
3276
6046
1624
5002
696
2097
2043
5673
7336
8870
7229
7071
8701
4985
2433
1210
1399
6796
5489
7149
7421
6149
8565
2127
1699
6167
4918
354
5559
3080
5243
7026
5818
4919
3683
7862
129
477
5063
4558
1963
9780
3103
9008
260
6155
7729
556
365
7764
4268
2934
3669
7942
2597
3568
836
2058
5710
8456
7173
5307
50
2416
6398
2768
8505
3409
1012
422
8594
111
5471
3073
285
5341
662
1081
5766
4824
2490
239
5473
5021
4354
5111
5671
8012
1480
738
3639
1011
9463
9644
5256
1487
3287
7777
9245
1723
9486
8747
6214
335
7462
9414
1268
4901
5616
7587
4796
4122
3758
1077
4950
4352
8084
1893
5391
1612
8911
4385
4522
9205
4616
3055
5148
9442
1256
1249
1173
4761
3526
9551
8816
8487
9132
4723
9528
9813
9052
529
3104
4449
4010
3636
7105
2928
5185
3284
5836
9320
2483
9564
4
667
6893
4531
7110
1955
8330
5325
8055
638
6182
7974
8736
702
3365
4276
3859
8788
8477
537
5324
184
5848
53
3633
6889
956
8187
8634
8117
6957
4367
2987
1477
3121
1095
3424
1520
2798
5575
8299
2556
5888
5926
1868
6124
3864
1133
5507
6572
8616
3520
970
7823
6148
6094
8614
7001
3647
7607
3861
4559
2848
6868
4630
8481
9963
4469
8176
9584
7217
7907
9576
574
4046
3039
2380
7684
4185
1135
981
7107
9688
1352
6463
6620
2435
314
693
2612
5340
9742
6347
6516
9118
9925
2619
8287
6841
9378
1073
367
6862
9348
6286
5235
4753
9223
4607
7950
6536
2334
7691
6975
4879
6327
9784
2427
8546
8408
6736
5331
7246
2655
8673
1078
2941
4529
3834
4585
4455
8809
978
5027
7516
7558
2816
2160
2948
7776
3355
4500
5879
5392
9668
788
7418
692
7412
7924
2541
6390
2580
8646
1373
5317
35
242
1334
7454
4324
2519
6164
5302
254
1689
9283
2245
6440
1308
2810
1784
9371
6428
86
1194
8378
7226
5150
5254
9766
6993
8818
4864
8368
1327
2573
1218
1013
7699
8961
3086
8821
4809
3264
3209
1175
6441
9805
144
7756
681
884
4701
5453
6645
1052
4844
7731
595
9922
2965
5891
6276
3824
9870
4892
7877
6949
6377
2855
7008
600
415
2977
9499
7470
1484
401
7202
9091
7224
9366
5024
5137
3755
8030
2303
9452
3099
7275
2342
379
9110
108
2250
3134
191
3454
7933
3624
3060
1211
2117
6636
2623
9327
8934
6363
7754
8359
9542
3999
3779
7148
2269
3621
5352
5113
1459
3162
7920
1783
8109
9619
8052
6282
9699
1332
6927
9222
4719
606
3764
5398
321
3918
5866
8075
7309
2082
1172
5123
2104
106
8431
3168
9664
894
3589
948
6789
1396
9470
9328
9438
9094
1146
7443
8619
3178
5342
7951
4856
3369
1152
4996
1810
4254
8977
3941
122
8717
3091
8126
6139
3014
8313
7831
7697
6455
1979
4060
1582
9491
8955
3082
3883
1771
1368
8931
8988
4011
4350
9075
7286
8436
2264
6655
8175
2651
7545
40
5921
8580
6693
5684
6664
5600
6554
4270
1609
8021
1808
1915
7520
7526
1050
2268
7622
3747
4331
2500
3657
6995
6187
1375
9364
9737
9343
2944
2532
5098
8542
690
8650
5461
7423
8756
1769
1964
1761
6021
227
3058
1968
6312
7247
5694
3976
1987
2323
8938
1766
2426
386
7554
4238
2379
6178
657
3279
3888
5772
6234
85
2393
8549
6127
954
5814
3102
7541
2607
888
3611
1672
1541
8360
8494
3910
3336
4363
4507
7962
1068
3066
515
7354
2098
2137
6449
8683
539
2036
1031
3517
1796
834
1079
2456
3652
5230
6616
9884
581
3342
6081
3914
4263
261
3290
1363
3678
609
4721
6064
1007
1033
7586
5448
1996
1946
3301
5228
1734
3544
9911
1029
9755
6635
4123
9078
1171
6550
5134
3709
9605
8777
8108
4728
9638
9048
1005
3934
6438
2381
93
9602
8620
2448
115
642
6576
729
2876
5716
315
4081
9610
9983
7335
7011
4605
3884
449
5810
2861
1243
1475
7952
8784
9350
292
1969
1427
1499
8864
6338
6741
4755
8761
3848
9993
3869
2528
9293
9760
6330
6784
1168
6965
2143
5770
4972
7363
66
516
7073
1426
2132
6034
7894
8253
6608
9239
6418
3774
5686
7982
840
5515
5937
7042
878
2288
5358
7755
543
9948
7816
2963
8188
5873
8415
6349
6679
2909
4283
677
6228
6315
9994
566
8741
5087
8893
2474
171
651
851
6447
2548
2761
140
5957
125
4862
6246
8325
4021
2153
950
2184
6297
940
4646
6051
4730
1724
7988
4569
486
4149
3002
9712
9391
9852
646
805
152
2464
5373
3847
7172
3957
5501
9083
672
7916
2592
4150
9579
5865
663
785
6160
4226
1715
3661
5936
4095
4688
9455
6858
8656
6053
1736
4290
5576
6574
7434
9691
3366
682
7159
1702
9429
2096
2695
6080
1674
6751
5124
821
4603
6938
5736
4115
972
8527
6093
3878
7736
5322
4795
6323
1094
1242
7048
1986
2820
8805
9517
602
7167
3594
1025
9001
3908
7869
2957
7882
7124
3495
8942
8707
6162
2660
3252
5744
9335
9750
2063
3502
6030
9815
7024
7859
5597
4383
1636
2557
758
6316
7300
5094
814
289
8020
2800
6813
2161
3925
8576
7813
1839
1941
8602
1851
6128
6545
2079
2516
1376
8034
718
1940
23
5599
3584
1706
753
2940
8274
4913
6306
6772
5511
5628
4648
893
4212
2089
6660
169
197
9072
2877
3732
8357
5194
8082
2521
8875
9260
1849
2795
7321
5746
4631
697
4068
7491
1132
2793
5116
3970
8919
1380
6561
1747
9757
400
2549
5982
1309
3644
3471
4528
2702
8351
10000
5433
623
3254
6313
3606
7759
8459
3037
7351
4545
6362
7808
4868
1738
9015
382
5617
7876
9919
2801
5369
2844
6284
3309
9332
6839
9658
9079
1832
1471
5987
8284
9174
2119
736
5275
7338
1143
1518
1072
472
2971
6959
4066
456
6217
180
482
7753
9690
5383
2824
9296
8014
2075
5904
1739
4994
9171
2788
4002
6650
5825
6201
6180
5488
6593
8879
2053
6552
9639
8074
1044
127
7506
3722
4931
5695
9622
6207
1415
5438
6281
5221
6144
8986
7131
3112
6750
7326
6769
4965
2507
2156
5128
9176
4954
4164
7720
1502
173
5880
9809
8714
458
5999
7786
7794
7077
6465
1405
2817
7611
4074
3896
7130
5114
1145
8141
7417
9292
8913
4013
494
6845
9929
6498
798
8561
8387
3839
4696
2779
819
9003
749
3920
6956
4886
3402
8917
2950
9386
3093
2610
4874
5952
430
4241
1913
5000
2155
5287
570
8985
8937
7397
3416
3710
5064
7498
3154
6417
2189
7364
7711
7160
5841
3616
1234
3913
9752
6184
6960
1294
2086
5296
6103
5528
7032
1153
552
8243
4287
1976
7972
8744
6451
7146
6991
3322
251
9334
5975
3797
6493
853
9898
8891
1086
4255
2238
480
6320
823
6254
1397
7365
9851
2108
7579
3048
307
8763
7248
8511
8688
8681
8878
1207
5822
6391
4219
6395
4227
2650
4523
7276
8394
4975
4659
686
5903
573
7329
2439
1929
5934
4649
9849
1343
9450
5945
3129
6864
7990
5635
1196
9850
5049
5409
4955
3362
1540
5082
332
9965
2750
3473
3295
2783
6799
1733
6657
6204
4221
3885
586
892
3444
2966
1357
9847
3665
8333
9842
5547
4640
4225
9721
8611
7577
8426
5633
4321
9295
2715
9284
7539
3152
9782
5191
8751
2676
5657
8425
7910
1861
8332
9225
396
3427
7496
5676
6416
3308
9627
8438
659
1847
4398
511
6571
6642
7029
610
4305
4686
722
4346
8099
3343
1266
5887
6423
9729
843
7608
1370
5656
4207
5874
577
4512
5457
334
2978
6694
1554
3130
8205
6142
9445
9087
8924
9520
7003
5565
548
5606
7653
6948
9131
491
5443
7659
2032
7502
4751
8538
6159
1476
1542
5351
3867
3042
6577
5153
8768
6059
7689
3793
1782
8708
4495
4417
8198
9945
4233
2432
37
3818
5604
762
5279
5025
7177
8482
8885
1604
1684
4653
725
5255
9467
1713
4773
9116
7293
5587
910
3922
3411
6569
389
1043
4514
5366
9014
3853
3433
8728
4822
9353
8844
962
8972
8544
1385
6734
3742
994
4362
6233
5147
5512
3775
7501
7551
2900
719
7162
8161
4154
2196
9831
4682
3023
4357
8024
7126
1452
3889
8364
5607
1482
6156
8583
879
5434
2083
9367
1138
463
2038
4734
1258
759
3534
8905
2450
8909
764
8798
231
5294
6163
7060
3685
6029
116
4442
2608
5105
5334
3446
1632
9953
9238
4612
943
8746
244
6819
5132
3622
1186
4767
7751
6177
4311
6764
5160
6649
7447
9106
6429
5454
5550
5535
1091
2317
3395
2614
6526
4562
9820
5721
9523
6590
1088
4933
7738
4033
3757
2897
5910
7214
2645
572
8156
9115
6374
9459
1009
9578
2405
1917
9456
3926
2375
186
3298
3535
3448
9297
778
742
7973
3356
8667
9160
8178
4942
1461
7442
847
9129
7473
8589
2041
5776
5603
6644
2310
4473
70
8932
1563
6876
3400
1549
2717
9435
1641
9224
1657
7450
6690
9267
2270
442
4783
4296
3278
1213
5375
4494
4279
4450
6359
2776
946
3730
6424
9944
7384
6321
5885
5625
5965
1435
2555
235
489
6618
9489
4680
6793
1569
1676
8966
7694
150
376
5869
1042
4677
7594
4293
4136
4000
2436
959
1342
3325
1833
9768
2461
8
4524
2725
423
2680
9403
269
2751
4170
3801
2072
7618
9173
7936
5005
5574
6803
7349
7855
8700
3482
8266
6280
2812
3960
8200
8918
8829
4107
666
2001
8164
8283
3807
576
5069
6716
4636
9804
5842
8497
340
8167
4817
2790
3814
3317
325
3841
4505
4400
9096
1123
8869
3046
916
5106
2262
5578
3844
1522
4253
7844
2943
6595
1364
8197
4004
153
3782
5916
502
8344
5264
895
915
2240
374
5938
1927
1973
4356
2696
4789
2967
5273
5827
2747
7814
3442
28
2178
2616
3140
5110
5919
2164
6121
3
1481
5421
3372
4206
4584
6700
9466
5942
3359
7612
4805
518
6300
8046
2931
4186
7538
6154
2644
5977
2806
9243
8944
343
2946
9339
1885
1879
952
5806
1151
5524
5820
8248
4882
362
4493
8521
8841
3075
5138
4687
8558
124
2858
4724
3051
5408
7757
2301
5301
5416
7347
9979
2837
7294
8513
1717
9471
4574
4057
1402
3181
3217
974
9289
5440
5967
9255
987
6314
8239
5769
4237
1203
850
2741
4575
4714
8907
7128
3898
1451
7958
3634
2199
8393
6597
3892
6273
9830
8560
9957
9834
5432
5130
6114
6507
5762
8091
3497
8104
3219
1533
3887
3174
9801
7420
8435
1122
5815
9682
7314
625
8994
6087
5608
1302
3059
2094
9559
2476
6857
8069
7872
138
322
5743
97
4943
5349
1001
2248
1156
6494
1628
9951
9231
5543
2377
1637
5529
2791
3271
6598
7425
8314
7993
2668
230
2954
4904
4063
3452
4592
1002
30
4669
6264
6565
1719
6351
4547
9227
5738
2348
6628
2399
9526
4379
9010
6599
7440
4586
8836
3310
4835
8309
3540
8769
5661
9874
4983
1552
3877
9931
6341
487
2390
4777
1537
8806
1610
966
9026
8495
6380
6024
8610
8305
302
5136
1664
8507
9538
5794
5129
2010
6405
4366
6596
733
4853
7932
9189
1100
3643
2409
9219
1603
5107
1351
7382
313
9465
5594
9829
3438
7780
9428
1241
8401
2822
1742
6752
4678
6389
7408
5177
2123
414
8016
4038
8122
8238
8662
5896
2440
6914
4041
514
2929
267
9653
8423
2314
937
8483
4922
2421
4407
304
1654
4578
2046
4260
1834
5474
5047
6365
6055
7959
2701
541
9862
9561
1273
8946
1113
1259
6268
9140
8555
7792
2671
5213
4284
9394
1169
2193
5758
9900
5877
932
2677
7860
24
4062
324
1680
6670
7175
5405
1498
9656
4210
2546
7530
5492
3620
7311
8336
1315
2169
1346
1908
3049
1936
12
8249
6667
4849
6000
3011
3323
4183
6835
5699
6328
7400
8851
4112
4552
6586
4533
247
1010
5976
782
2420
6110
7464
6253
3240
7835
918
6931
2244
3769
7222
626
1855
112
7041
81
2290
7672
6907
4471
6648
8355
4644
6170
6446
9480
371
5196
787
3027
4103
7203
9902
947
178
2049
4915
1663
8181
151
5125
2294
1253
7787
2845
2825
1817
4626
4223
1058
8612
8659
4118
8886
750
5452
9904
9739
4129
7770
6104
3607
4179
7564
3569
675
1993
1436
4860
9319
5862
9135
8731
9543
5682
1881
4668
4202
5893
7941
6200
9518
7457
5281
4784
4820
6523
6589
9984
7592
4338
9340
8338
8004
4966
4059
7820
4141
3863
7156
2283
6100
7127
2312
3461
7984
6237
699
2923
1894
1871
233
5839
7919
5664
5344
5236
6394
8515
6305
8242
8721
3651
2114
212
648
3243
4957
6594
6847
9374
7084
4676
886
9142
8868
3337
2413
7996
1845
4504
5639
3708
102
2920
9570
9114
9401
8246
5514
6997
473
641
2129
5687
272
485
7277
551
2336
8214
7799
9433
8366
5868
6903
7668
2441
5315
8792
6208
9250
4866
2807
7874
995
3293
8666
1434
2603
7169
8531
4527
8588
9857
867
9597
402
8468
9657
6742
5458
5272
3498
1045
8649
1731
6004
6147
9426
3186
5085
9434
6168
6274
1756
6371
7927
1669
3737
6627
6240
1424
1228
9724
2023
8352
5950
5775
7977
8578
4980
8018
9184
8269
8134
6209
4620
5632
1785
8995
9303
5969
5067
6617
7595
1160
9487
2253
4945
4411
1880
8441
6534
9810
1428
4214
2905
2833
960
4105
5241
349
8504
5735
5299
3963
2367
6525
1584
9881
1934
670
6506
2217
1749
2489
2191
2789
9530
7593
5796
1888
4516
7324
9598
714
8307
5577
5900
1910
7144
2457
4697
833
3969
6348
7852
4880
2859
3007
420
4506
7733
5947
9051
1982
2758
7613
8318
7749
2177
6479
4501
1335
8040
2360
1102
1944
5715
5871
1057
4932
4582
1139
9360
1528
3210
7401
8226
3272
4963
6875
363
5505
7319
2759
7886
3564
2808
8778
1709
9727
9415
5371
5570
7836
7588
8050
3226
13
5327
8740
286
6379
3052
7014
2012
7480
9203
278
2478
2239
5655
9150
4792
9404
4492
2737
6107
7228
5320
3031
8196
1233
3541
4998
5779
5634
4591
4061
9314
3703
8677
2003
5728
771
4039
6683
5333
3985
6954
5646
1744
3081
9475
7883
5149
7801
6251
162
3275
7488
9788
3763
9921
8575
839
9384
4828
8400
7643
4768
2415
9395
3484
1201
5850
9917
2912
941
7605
6364
7271
4550
2939
7615
8724
3231
3380
3784
3247
2256
1286
9341
9654
6339
8105
7656
7709
8406
658
5802
1923
2251
1606
9581
3370
826
632
6880
9007
9137
3560
2339
3361
3890
305
6013
8848
2947
3509
6458
8446
8782
9599
1675
1190
5115
2221
3245
3030
7838
4348
262
8873
1890
7063
6624
2604
5495
6852
1681
1670
7929
9046
2709
3056
8343
746
9264
8007
4769
7513
2333
5494
3724
8528
7049
5791
3045
3205
5623
5006
3845
2449
9707
9326
1800
5053
6950
5702
5353
9968
4027
2591
6143
7154
1550
3993
6634
1631
3026
6192
3050
174
6026
1362
6675
7030
4242
3731
2952
7046
8989
1140
5447
1793
8971
4256
9624
8392
7485
6138
126
9039
5663
5074
8771
3530
1003
1627
7723
1809
3978
6452
3628
5385
7489
6172
5636
4731
5697
5517
4497
6131
4690
9011
8638
8887
4553
6226
6048
3966
5249
3294
9876
4779
9090
1049
6848
8057
7106
8669
3283
7700
4454
9387
614
5238
9871
6606
3792
1263
7867
2769
4542
419
2197
3157
7953
8077
3640
177
4345
639
5930
5172
6388
2151
6737
8867
3167
82
8209
5283
9837
6062
6271
134
8632
8820
2673
4708
4555
7278
1842
9179
9512
1798
8755
5835
9200
3923
4448
56
5741
1726
9461
3028
2149
89
6239
4617
6981
2797
2508
4487
889
9534
7857
8753
4785
3905
2124
8672
7650
1431
5485
4438
7465
7157
3447
1121
634
7298
5908
3514
8537
983
8258
2972
4326
1447
3423
3485
2291
2744
3503
1162
6952
8723
4903
7074
2799
380
8959
2187
7746
8282
4201
6035
2514
7574
1974
3312
4570
7514
3358
1801
5469
1107
7436
9420
3441
7072
1469
3180
3996
3214
9880
2422
4560
6317
5423
4192
8286
8304
624
5298
5251
5480
9585
9183
8485
49
7626
7185
6890
4907
3122
9477
7033
1961
949
3253
4032
1852
2871
2076
6028
166
1492
6963
5269
4359
6662
5727
897
815
4702
613
5401
3019
364
8083
8814
6935
5019
2168
2827
5533
6129
61
6431
5436
7191
6843
4745
6962
2531
3489
7565
8031
4440
9422
2488
4962
9089
7211
7675
4310
9302
3866
7100
5532
3675
6836
3139
7893
9159
9207
1449
2830
7562
1718
1329
9873
2006
992
2883
2368
4567
1180
6632
9460
3915
8929
9253
211
6500
5102
7234
2087
5205
9139
1629
296
7002
5286
5788
3406
3172
1403
773
1937
7161
435
9633
4885
4369
3148
1360
6387
5531
3660
6699
1051
5402
6672
9924
5127
1422
2355
5754
7553
3672
1562
8939
7317
5688
2720
6663
9444
809
4624
9034
5944
2118
213
8574
1429
4098
1278
8591
7811
6259
7830
6558
4404
77
9157
9761
4341
9701
4045
8177
5040
3603
6996
558
2266
1994
7845
1765
9122
265
8880
2173
6946
4513
3034
8475
8506
3269
2261
464
8245
5519
3680
9241
3038
6112
2726
1185
1746
9196
2821
2577
9960
9684
8573
5829
9278
4050
4295
751
8071
337
1188
2540
6511
5091
2425
9024
8135
4621
9785
1887
1387
3987
8451
9607
7435
5028
8780
4134
1217
2174
444
650
7328
3196
6019
7466
1506
1527
499
1232
1101
5284
206
8295
6625
4573
533
2455
6130
9673
5681
7976
3223
8236
9035
7628
3635
2272
5854
6514
7715
7666
3627
5175
4413
9769
3412
8826
4159
9828
5640
1199
1835
4220
6604
1884
5070
3318
9067
3341
9037
1488
1298
2958
6912
2544
4909
1347
2805
4977
9453
3379
1264
9409
2535
9230
9868
8102
6738
810
9560
1767
4847
6652
9595
2194
4660
5648
7963
2811
6136
5037
1137
961
9855
18
2363
8029
7991
8783
5997
4076
4833
1462
5666
3816
7264
3676
9910
5703
9890
8750
9473
4235
1141
59
8397
392
1446
1907
6854
9636
2736
6098
7016
2979
5496
19
4403
2847
3115
8054
9536
9119
6943
2213
8729
9683
6761
8133
452
3405
3352
6989
6911
6169
7524
3857
355
4073
9279
8194
8320
6711
6603
8472
7230
7685
5309
3836
7238
3302
6005
9549
5629
643
2746
6393
9405
4071
2802
8910
4453
4215
3348
540
4967
6022
7263
3698
2055
6818
1355
7209
7233
8652
344
876
6720
1816
6415
2331
1224
580
5724
3211
5268
9272
3208
7356
1457
9382
2019
8192
3741
5071
5444
9432
2466
5817
5638
1409
777
5985
1942
6346
2229
6426
6591
6195
6475
3840
4775
5131
5712
3234
6329
1598
2219
8974
9211
6759
3492
4243
1700
8153
323
114
8894
1445
2606
5808
1222
7864
9609
8100
6241
1416
7258
2843
9548
4127
9061
4412
790
394
75
2703
7007
1918
2819
5706
4693
3573
5870
5834
1039
4176
1737
4019
5258
4406
1678
2767
8039
7657
7357
7569
9169
2287
1807
2387
4334
9969
4579
3602
187
8559
8692
3539
495
9389
5669
2698
5267
9660
1300
146
9023
8179
8981
9630
1775
8557
8015
9717
6473
4846
2880
8984
881
9821
4814
2492
4638
7744
2364
5026
6805
7507
9793
7304
1412
99
8664
6344
9882
2662
1648
3459
6109
6075
4875
4382
919
1128
3799
1472
9974
6542
9982
7009
3937
3417
1905
9738
1625
9694
6739
3316
3650
2534
9161
3408
141
906
728
6015
4483
687
7021
3583
3756
5204
8726
4623
63
1803
6633
2642
2320
5389
4873
2600
9986
3490
2286
2652
969
492
9299
1092
1924
6966
4067
8899
727
2491
2762
2509
1040
8947
3842
6638
9711
6255
1311
5173
1981
3932
8941
7841
79
8752
1089
2743
1131
779
1384
9615
7086
3522
4877
411
5290
9307
2882
3939
8992
1874
9215
9970
408
5756
6378
9218
1732
1034
9066
4563
4016
6336
2345
2593
226
7468
3727
6106
8488
3901
9568
6150
4397
8882
3009
1840
5077
4327
5793
898
3257
1495
4548
7678
6213
9145
4736
3990
1967
3119
1661
4589
1365
3700
3087
6047
274
8587
5354
9832
9669
5380
863
2304
1134
5918
11
377
1184
8596
7104
2504
135
6420
9381
2005
1038
9596
1952
9408
3488
3158
1686
4744
3274
7945
4488
1016
6434
2981
1420
3289
5889
4432
9474
4058
2975
9762
8889
8372
4946
7649
8600
8533
988
9286
7396
8904
7010
3251
3870
6231
293
3225
466
9574
1692
5780
7428
561
929
1813
5620
8432
7022
6749
7928
4917
331
7536
3143
8952
7200
1547
7270
8563
8802
896
2134
399
7797
3858
4401
2640
3955
4116
521
1041
4772
6419
2659
652
6926
5560
6651
3781
9883
1301
599
1239
4525
9720
5876
2895
7266
3791
6888
5414
8234
8936
158
2
7815
6068
5989
6355
8107
2692
9095
7847
5734
7331
1191
7904
596
9613
6412
4036
5627
1860
9704
7858
795
7476
3063
8993
6467
6435
3008
3202
6871
2538
1667
4463
660
3160
9923
3765
6073
5572
2706
9858
7318
7602
7125
4664
216
3436
7155
8292
9493
9708
6326
4667
708
2116
3161
4647
4173
1867
812
4020
8539
2463
3674
3609
8687
4205
384
4313
6951
7184
3179
9212
5704
6918
6566
8145
4746
3856
2875
797
4920
2545
8463
9488
6953
4705
8182
3550
2357
6778
6748
6158
9111
1386
922
2103
656
8354
4394
9650
5588
2857
3340
4247
4335
7980
8224
9217
7220
3546
953
2152
1594
9672
9972
196
7790
4625
7404
9674
525
8409
3069
9961
1799
253
7477
3601
1758
6958
3388
2183
8184
5672
6411
3430
9634
9041
7013
8743
3197
1701
398
6430
980
5122
8411
2721
2051
9269
2401
9706
6145
8079
8413
4825
9631
2211
3916
4839
6727
8478
3468
2112
7499
4464
1647
4698
717
3016
4053
7409
2493
5032
6537
8470
6754
7839
4017
4332
8535
8223
7437
3147
3071
2274
8227
109
9324
6612
7772
2068
1021
5995
2325
8908
2472
6560
2373
5927
6512
1954
4538
765
1658
5647
5558
1336
4291
8417
9191
7020
1216
4572
2617
3599
9270
1614
1247
4830
7386
7806
6544
5753
3124
5450
4852
9716
5566
8118
497
6766
2327
5774
5497
808
3802
8800
8500
8508
128
784
8347
3222
9765
6808
5326
6194
9506
2625
2765
1857
3249
7492
4465
885
2110
772
3508
2874
5329
5549
9166
9069
8063
2785
871
8590
4894
2667
9012
9819
4015
7742
7880
8987
703
2309
4899
6707
8735
633
883
6753
1831
4070
5216
6454
3871
3474
4151
3475
8862
8172
5217
7661
9863
568
3567
5892
7108
2554
3588
2305
4043
5609
2935
3886
7098
4923
7490
493
9677
8930
4147
4764
7182
7059
1617
1020
455
4358
3033
6792
7395
4395
298
7188
7036
2109
2764
2146
5725
9692
5782
8628
8773
1762
7212
5711
7789
8157
1543
6910
3967
6680
7890
1605
9515
9896
7572
3246
8520
3373
9479
5612
3460
3065
8106
4597
8581
3061
3437
8695
6262
2438
7555
6802
6658
8779
832
9787
1497
9383
1358
7682
9887
4157
9397
4703
7701
4144
6518
1977
9866
827
2276
7297
2831
5378
3434
3353
346
8154
2225
3691
5310
6730
9074
6622
4477
4426
7310
5188
57
8334
2656
228
9482
2898
7017
9867
4964
2090
9685
3592
2295
5803
179
7763
6713
7368
8757
3349
3653
4146
4993
1037
336
5211
2014
9894
4125
1818
7748
9418
9817
6031
1644
6978
4248
707
4829
1900
2080
7260
198
7004
6809
7306
2638
3876
7504
9049
7005
5319
3137
3790
903
8112
5824
5592
3110
7705
7361
4342
8996
8152
1149
9006
8654
9798
6397
9913
8846
2062
148
9419
8921
7376
7716
1200
3979
4286
5117
6894
3188
2095
8151
6863
6072
5479
5387
2175
5144
4294
3455
1515
1579
383
6350
1379
9510
7791
2469
4952
1526
6358
3590
9390
8233
6212
4126
7231
4610
8480
7601
1317
1931
3919
6332
8789
9130
6120
9216
2165
7567
8839
7522
2235
8512
391
6324
4788
1269
6097
3001
8948
5974
4427
2628
2634
7232
9749
530
347
5096
7728
2988
1221
7934
9641
7370
3942
5095
1014
8001
1965
2815
6524
4842
2453
9878
9710
9443
4568
1943
4251
4940
7445
6490
2738
3390
522
2927
229
8345
4224
7174
8551
6263
5088
2486
5486
7287
54
3777
2675
3549
7542
6850
5614
2070
4819
9344
2445
509
7097
8125
640
4725
3092
5582
5901
3523
8081
5244
4681
3177
3554
2414
6994
7458
655
2570
4460
7687
441
1127
6698
8897
6382
1772
6335
7771
2226
4266
977
6869
3921
9002
5631
7456
132
5857
7704
8484
3748
4389
7899
2574
3013
8128
5370
1685
6570
6361
9583
5962
3998
3376
2444
9856
7975
2429
3659
6421
145
6674
1679
6027
6885
7497
2784
3518
3720
1359
7985
8038
9781
2454
3575
9163
2302
6873
2955
8670
2686
8689
6406
2502
7674
3545
3183
6763
2558
8710
5722
2322
7221
6988
6298
6920
7549
2437
2092
6817
5422
3760
5611
7693
5949
8089
426
4947
3314
3833
9715
8190
4458
5237
4735
877
5015
3766
6489
7218
5393
7888
5917
3470
630
938
2787
5935
2985
5187
8303
3351
2959
41
3882
2207
2017
6924
9068
3074
5465
3701
164
1978
471
7915
3491
5562
2942
1076
3975
605
6499
7482
3413
9398
2576
4377
4430
5536
3404
1748
3176
3854
5720
907
9004
8623
2568
4300
3991
2908
973
8593
1805
5784
6197
8534
1074
8914
6706
8604
9891
7117
4982
538
1841
9946
8216
7745
3377
3977
6686
8405
9516
7634
4499
9617
4384
900
2708
8186
6171
4420
4386
6824
200
7913
2777
9991
4850
2518
9743
4368
4124
1017
8842
1875
6196
1496
8548
8381
7969
1
7966
5023
7807
38
5274
3907
8193
5311
3070
3480
8709
3819
8440
3786
1182
6770
42
8290
9331
8883
2718
8346
9464
9400
2749
837
9797
263
1707
5752
7145
7604
993
829
3194
8490
8849
4869
7367
9458
8564
5563
9201
2888
7527
7342
2299
5905
5914
6067
454
8086
7377
510
7192
9770
799
6837
6206
9013
6548
3838
7494
2130
6470
5714
5781
4340
9591
7066
6287
3012
3551
6613
8059
4110
8171
2740
9670
5622
3238
1441
7206
6982
9822
2722
4425
490
7995
7544
9746
2307
1864
2293
8562
5913
5162
9152
2398
481
2028
424
8502
9316
453
739
4261
5988
3570
1906
2918
2252
1794
9928
1326
4094
4139
6076
557
1022
9625
1314
8498
5146
1158
8339
4336
9812
4250
2447
5773
7479
870
716
190
701
1367
7732
5368
5856
6289
3984
8444
8095
5630
5651
2602
2392
4405
5061
9942
2482
9705
6532
6357
6530
2915
3136
4318
7793
6356
8377
6084
3832
6151
3738
9417
9427
6614
6971
4165
4981
9889
3826
7804
4916
1615
8748
6829
9759
6258
9861
7334
8486
4794
6937
9208
4090
4786
459
5437
9240
8429
8275
6065
2021
6842
3330
6922
1474
5828
9790
8093
3068
6882
381
5624
939
9676
2621
3387
9338
9897
338
2903
4732
5541
6643
3994
2338
8023
5922
6111
8297
9888
2241
3706
7556
5840
2275
9843
1559
5993
1443
6539
5545
8335
2259
8703
1838
1494
8686
2258
6074
9907
4160
8189
2766
4798
4387
3927
9998
8465
2428
103
6776
373
6740
9237
3117
465
4815
3566
1437
3900
4887
6831
8501
1340
2892
7493
674
9164
2711
3216
3185
9741
5939
9325
2383
5109
8737
9621
3118
3629
4119
4700
587
2260
9081
6460
5425
5374
9854
3692
8702
1755
4716
712
6119
7483
8437
555
2734
2938
5190
8002
4602
6899
5362
8532
4941
1288
3146
7911
8871
104
9308
5121
3458
2296
8685
1444
207
3327
5951
4771
7609
2237
4143
7327
4390
9017
7054
8382
6573
4145
7853
9941
1096
1297
635
3615
94
754
8990
6468
2060
4797
7199
2989
8960
8010
673
167
8068
6108
8271
3467
5943
7620
5484
9155
4737
5990
5701
1289
6676
547
2176
7846
8252
9274
3170
5451
9772
8385
1353
5860
7455
1282
9926
4953
4137
58
1085
7769
8762
9661
4428
7778
3735
8169
2349
1354
243
2996
6939
6517
7766
8738
8722
9686
5749
2838
8123
3538
5883
7881
8466
2627
8684
5953
6687
9918
8874
7094
4491
5475
9379
7070
9569
1413
8595
295
8070
6631
4704
4905
2826
6783
752
3778
6311
5654
7168
1928
7743
3273
3463
3476
4633
7961
5847
9448
709
8609
6153
9556
445
7109
3743
4898
1270
6973
1245
7055
3313
3398
3736
7658
5225
5907
2220
8467
8895
9086
3936
2868
390
9244
7207
6884
3097
6318
5966
3794
4108
3487
5081
5075
6456
2389
7249
5598
1486
7842
9774
8569
16
2563
2223
8863
5742
5381
6337
3100
3574
8180
3332
7197
6600
7575
2899
6495
6115
1950
5708
9879
5312
2497
6832
6077
7960
4939
2321
119
4025
8529
4938
6861
7303
3120
8373
8957
7597
622
4267
7627
9472
9702
9478
1743
3224
2926
2991
8231
7521
2752
44
3528
3190
1577
6210
2694
6193
5858
8144
7236
8254
6481
1267
3403
1781
6743
9869
6915
9792
1921
6141
9800
6505
2417
4884
8645
4804
224
5013
730
6277
6919
2658
4722
1195
2527
8514
861
8450
9635
2202
5777
9655
3981
3519
2823
6777
6582
5420
9047
7484
4872
4121
9105
3335
2992
4461
1970
9457
4419
6092
704
7632
5674
669
5765
7906
7737
1764
5960
584
5693
3924
783
5008
6970
9648
69
2829
9247
5800
2347
6584
8797
6961
3450
8326
4927
4508
2969
7654
9930
6413
6588
3227
8255
4480
8363
2424
4816
1323
2102
9546
3761
316
4989
9582
8008
2919
1321
4594
3189
7583
4396
6009
3506
9108
8419
3215
6916
5760
5449
1662
7348
149
4695
7352
176
5406
1448
1827
8597
6038
7727
4140
6726
3077
3695
5940
3563
1197
1063
2733
2687
4810
1693
189
5590
333
9608
6173
4914
3303
7818
1161
3297
7095
9462
8626
2473
7735
6684
7679
741
4651
182
6445
3125
2395
9954
6928
8567
3159
2337
8022
7407
9151
4883
1062
1779
17
4265
8207
9483
7721
9999
6703
9167
5983
2994
9446
4347
1260
8101
6225
1055
1390
2714
6822
579
6947
6623
6909
1510
3354
1036
4244
4337
9936
9153
9071
4421
1306
3268
3282
4517
1065
2771
6174
310
245
1750
1823
9277
793
4712
5678
8601
1024
4312
4093
7375
7439
9019
2756
4084
3184
7121
3679
5245
222
8843
3954
4713
7323
8434
47
2039
2404
8715
4587
3305
2009
2140
1619
8174
2343
1716
1863
1539
4628
5246
232
4172
1812
3248
4498
8340
601
6983
1202
9285
5675
4535
2552
7998
1178
5410
7901
3443
849
4317
7387
2605
1147
2487
7190
9123
2513
859
3465
3096
6025
6976
7461
5924
1608
9611
8458
8657
8608
9696
8819
7111
8051
2326
1262
9734
358
4707
4715
5151
4409
3410
7320
9246
2626
2543
8331
4654
9165
6906
6474
71
7122
6045
7289
7652
8693
679
1914
6773
9005
9143
1460
2458
5133
8719
3684
2613
3753
1985
5509
5103
4099
5242
9138
1592
724
427
467
1980
6668
8235
1124
2878
1392
7360
6757
4415
2212
9550
259
2154
1109
370
5332
2571
6232
5066
1047
6403
1548
1381
2804
6307
5041
1991
8916
3057
4030
1909
9232
2916
9252
2366
2059
2210
5043
4106
9589
5733
6980
653
3617
4476
1324
406
5723
4187
5222
8237
4934
4024
9958
2306
7165
9642
4200
8980
7633
8130
5613
5355
2932
3670
7782
2406
3169
7573
5821
7676
990
2520
3697
7116
9209
1004
1876
2910
5219
3812
4434
2133
8058
2647
5899
2084
7163
2760
9947
1595
4831
9718
1729
1105
7057
4490
6585
838
7690
9018
591
5010
8041
7239
4973
3561
8727
498
9626
3770
3393
8056
6063
8218
3702
4520
170
4741
5034
6408
6199
2867
644
2886
8566
3394
2300
7528
6820
7896
6003
48
3891
1391
9695
5226
2484
7655
416
3107
3837
3809
9725
7153
6
3830
1344
3267
9029
2896
2265
7948
4089
375
3445
8241
479
3547
6433
9732
8173
6654
5195
451
7571
3776
5339
890
3677
6443
6061
6682
1279
8348
1897
4475
3689
7369
9949
1828
249
9333
3399
5266
7637
2796
5072
9537
6091
4138
3345
9355
6801
1630
5055
6242
4544
6205
6477
6372
7750
5875
5463
9562
1372
2203
1046
5498
9709
4410
9098
4232
8474
6014
1837
913
3851
2298
6089
6384
7719
8796
4717
2523
9257
7250
4576
4598
9484
7523
2885
882
9377
9497
8421
2872
6188
1858
7378
8622
7761
1174
6513
1653
6610
4003
6472
524
914
5203
1401
436
6860
5396
8631
2179
8232
5537
8579
4044
8195
3717
715
4827
4439
689
9073
5970
3321
627
1850
8311
4234
9323
1082
1590
2231
766
1322
9522
2385
155
5830
4710
7599
1815
8017
3825
7546
6376
575
8312
4897
6375
237
737
4299
136
9795
3646
3874
817
351
8860
9544
505
7509
6088
2419
8624
6941
3707
6461
5645
7798
3109
3598
2864
5729
685
7552
2778
951
740
3200
4034
3329
9697
6987
9248
6301
9996
7665
4821
4876
1821
7979
8850
7251
3728
549
5250
6615
8922
1916
6529
5001
9952
8630
7938
6895
3233
1561
9600
2208
3397
2984
5092
923
5360
3723
2579
4416
1516
6101
901
277
9175
2792
6340
3693
4791
2025
4298
412
4229
7023
7822
7680
3903
4259
7067
2657
4502
3396
2249
1064
7240
8302
8048
3860
4672
6386
2057
1467
4120
1959
2181
4166
1198
8526
2467
2742
8298
8928
1473
4588
6828
8933
3415
7547
3944
8954
3823
327
4482
9056
4806
5262
221
3600
8454
8453
2842
3364
800
1673
4960
2111
8367
7129
9234
563
5377
356
8765
2190
999
4371
9359
7828
9028
6689
1626
5209
9933
8230
9195
6303
9665
5442
6508
7031
5201
8951
1209
1995
3414
4203
2206
8837
8586
7550
9567
8129
2359
1789
1177
7255
3524
7374
936
6756
2233
3785
2378
3422
437
9322
933
4718
3171
6211
694
7076
4302
8636
1583
7561
3145
5556
1802
9640
1292
192
2408
8142
8660
7391
8553
5338
6392
4518
131
9236
6695
6712
5823
5709
7784
5030
2536
6425
3101
1287
3000
7112
9895
6252
1285
1421
1882
3228
3752
446
3595
3040
6414
6133
6563
550
3378
1187
9336
8953
7099
2589
4213
2643
5248
9369
8510
6291
4184
21
6223
7210
1028
4114
4314
9745
7393
4262
68
5618
4351
6564
7617
3729
8661
1708
6733
2410
5330
4444
8256
8832
2933
3036
9975
6181
1119
2459
5483
7341
4641
3559
5303
8094
649
8140
3132
4433
3127
3285
5845
5365
7510
2328
7529
5140
5395
6215
930
470
1774
5178
4441
3032
7463
7183
5527
4803
8260
4048
8310
193
1898
6887
4361
4826
9311
1223
2960
2434
2683
7052
3513
8759
1933
5089
735
5748
320
105
6878
3041
279
5169
2770
4706
3614
6050
8997
3371
4102
4906
6794
3911
7892
4663
7079
9373
6245
5462
9962
5413
1018
7578
5490
5909
9519
2011
4029
6422
2027
5176
5717
7635
6367
2040
8499
3821
3510
2889
4285
7399
4271
7381
2101
120
2700
818
8772
404
4968
5895
731
6041
7280
5831
2077
2186
7703
3696
846
9839
5787
2044
7346
9775
8967
4652
2182
7332
1920
3218
4374
1398
2242
7646
8464
4228
175
2993
8853
9044
5050
598
2318
6979
8062
172
6814
3716
438
804
9590
9097
775
5637
8349
4843
5548
1483
1237
2757
5700
9476
1070
1136
6944
95
8280
924
1090
3656
6410
7647
4446
2485
2974
3304
3504
6551
3095
2510
991
9836
7113
2384
935
1056
8644
9354
684
6812
8461
4782
8651
2636
1570
9587
1889
6086
1616
2572
2522
2713
6070
2018
8898
447
9771
6929
8857
1804
2475
875
9532
5135
8096
3632
7322
9527
2370
854
1690
2973
2836
6509
9680
300
1236
1165
4168
8323
5270
4619
2731
201
589
8831
8148
9808
7398
4079
5343
3319
8716
6641
2598
2870
1450
1349
5859
7970
6266
4195
8111
5881
1251
7223
4539
6556
4249
6780
8854
4052
5119
1984
5534
9629
369
9733
3328
6272
8943
4252
1587
2198
1226
6840
9385
7834
3239
1555
9430
8892
1378
7069
5186
1503
2200
7285
9748
3235
4861
2599
5076
3912
1666
3612
5180
5662
8635
2697
7337
1971
899
774
2693
3553
4581
2524
8037
1558
3456
9213
1819
5745
118
6546
9312
8462
2648
8329
3531
631
5394
1470
366
8775
6018
1159
5336
9107
1215
996
6218
1115
3815
3213
2494
3192
6533
1430
9938
3017
2832
1883
6833
6827
7533
9671
2887
8999
921
668
9362
3721
6222
8915
2397
3835
9662
7259
7625
2732
9186
4307
1511
1464
5090
9722
2412
3744
6476
8808
9298
865
6480
3931
7760
9899
7478
6485
4218
7926
6549
7937
1371
874
5039
6113
2139
1514
9059
5179
3762
6102
7208
619
3961
474
9980
6161
1509
2569
2480
8745
6471
7237
9978
1990
7194
2423
1735
5165
5530
199
2515
8000
1951
3421
887
1274
7204
3959
7710
6859
8222
2624
3242
5643
3094
4349
2511
1478
8442
4709
1366
4198
7895
6990
9666
2085
3244
5118
8663
5621
1219
2962
4245
6921
8061
6296
9643
67
9826
1093
318
7385
2691
5007
546
287
7805
6999
4111
1634
8457
1566
6381
3320
5227
3236
4521
98
4322
4813
661
9823
927
5801
8119
1170
4881
4028
9807
2818
1836
9501
8496
862
873
9
6555
904
7531
34
8969
5304
9262
4443
7870
2499
9032
7986
3648
6892
6309
4896
5771
617
6747
5991
9125
4496
2672
3719
508
2411
2052
4211
7472
4837
5318
8840
9421
8183
31
7047
271
2047
5208
4484
6502
6023
361
4765
290
3431
3619
9764
413
5233
4566
8733
1283
9229
7405
3968
6137
5761
9199
1620
5411
5886
5767
1524
6553
1250
7006
9060
5017
4086
2879
1826
2914
4023
2982
388
7078
1534
2353
9586
6083
1556
2311
691
7947
8042
8906
3586
214
55
3565
2595
8698
7315
544
1639
1129
5525
4007
2054
2575
4595
9864
734
7788
5853
7241
6877
1618
9875
8712
3655
8901
7621
1711
845
9693
8927
4738
7619
8137
14
1568
1822
275
8945
5928
629
4175
2142
2724
7712
4100
6639
3386
3580
4418
1291
8767
3897
1333
7087
8356
2682
4689
9170
9806
3357
6373
4239
5384
9540
7495
160
4699
3260
4711
241
9932
942
9178
1468
2170
468
4308
7992
6011
6135
603
7044
5139
9038
8116
5878
2004
6219
3768
3798
6331
9535
5685
6020
3803
676
1571
3220
9100
252
5551
3006
8935
8212
1721
6166
3557
4128
5668
3980
5012
264
1846
9908
8390
1126
8674
1295
8418
3533
4925
6879
8838
7193
5062
844
5192
6010
7532
7115
2462
7451
299
7849
7629
6897
5157
1193
7921
3462
7140
564
7967
2341
2684
1873
9628
9306
3453
8121
4801
2372
20
3843
7515
5602
4080
7878
409
7283
2893
3673
526
5167
7949
9511
8552
4793
8149
2850
820
1935
1643
39
2205
8956
5902
6279
8912
4781
2730
5166
2773
4178
3324
6250
6619
3699
2431
872
4604
4928
1529
1646
3150
842
9892
87
7090
5726
8896
2236
7243
3339
7688
5506
4515
8584
319
2192
7843
2034
796
2654
7344
7355
9730
2653
908
4191
3385
156
3917
6758
2066
8273
9799
5683
520
8675
2477
2902
1792
8407
7570
8764
7091
5526
3435
7534
8215
3029
6768
9291
2906
9449
6853
841
3718
2350
9121
5189
7978
4984
4976
1567
1097
761
5981
3929
8088
3817
8706
6118
7265
4470
6270
5361
944
6040
7833
8317
1949
8257
8009
1999
6823
1272
1337
6580
8791
3344
9352
9436
3426
1668
1155
2007
303
3207
8191
8489
8643
4645
1578
2138
2030
6866
1455
3515
7866
8449
2148
5068
9356
6126
5184
1176
1691
1932
9533
8676
3195
3250
443
7340
3740
989
545
9412
9082
7166
9220
3331
5218
8725
9144
607
6881
407
5419
9563
2856
1212
8028
297
7414
5667
7535
3527
5212
9329
2026
7313
1504
7940
2945
6972
6940
9358
7242
4301
9193
4037
2641
6294
5785
9345
1730
9025
1320
3483
5763
8011
1053
5073
6815
8267
8261
5992
578
744
8923
7018
7137
9158
4857
5202
7773
5158
8640
6082
5718
3511
4930
1142
3505
1642
2705
5097
1319
4246
5472
5424
6719
5826
6715
612
1607
6583
6515
8817
2755
2699
8375
220
418
1411
2841
8668
9756
352
4373
6688
4135
6874
3374
5751
5521
1425
9242
8925
4051
4549
1394
5220
678
4807
5493
5291
225
7525
2308
9310
5851
4054
3020
8080
6640
4096
1622
6295
1181
7600
6666
7590
4065
4031
1125
9903
3555
4757
168
585
8524
2936
7118
6867
7868
3230
8294
7800
2107
10
5477
8319
8147
8391
159
3493
5239
963
161
7143
5042
7981
5263
1410
8541
6203
4754
2840
8143
475
2147
2243
1345
3155
1423
9000
5467
1318
2578
1383
801
8420
8550
8881
2074
5386
5014
1114
431
3439
9937
757
8416
5915
1307
8066
9663
9287
3808
9315
6774
3751
3022
8204
1870
7639
2890
4727
9853
8519
4812
1227
1189
857
2157
7598
9580
7695
1966
4770
880
3618
3481
7803
2443
7254
7201
5996
6482
2201
8427
3767
4035
8476
7686
3895
7301
9027
9268
3556
9127
8315
9259
8979
2620
1939
5427
1645
7636
4001
1768
9577
825
7559
6487
4632
5345
1926
7887
864
2471
5093
8754
9714
1257
8443
5540
6001
5931
2854
9447
5719
7956
3780
9102
46
202
4075
3204
5029
8479
255
5518
3286
5641
8160
3705
1797
8965
664
1573
8665
7305
223
9824
9093
7871
4378
183
9337
8163
4152
439
1035
726
3930
2925
4216
2561
110
6243
9498
4445
8296
8278
3950
7718
6782
9375
1069
6238
3021
8813
4726
7829
7299
3754
3326
5649
3499
5293
8492
5849
9425
8027
2267
9906
6247
743
6830
7
7740
1754
8208
5500
806
4988
8491
6992
6540
3090
4258
4236
2646
2786
1440
5260
9376
4280
3114
6656
9645
7037
1866
7519
6401
6697
4532
4799
3868
1757
7205
6883
3212
488
2362
925
6696
4018
4944
680
6453
5679
9514
2230
3299
848
147
3772
2618
8834
8607
5884
8293
4180
615
6923
593
1479
4292
3043
4182
5364
7080
284
856
9233
6821
5084
9103
4468
6559
4618
4085
4949
3641
1296
9016
9649
6044
8225
5101
7762
5078
2022
5379
2853
835
8720
5591
4978
7589
3952
6765
2016
3384
621
1388
428
3428
7235
5252
9402
2983
8827
1705
789
695
3928
3581
5920
163
3270
5321
2782
4132
8146
5086
2215
7119
2930
403
7865
157
6520
4541
7734
8872
9202
891
5615
9117
133
9439
4671
9700
9228
2144
6725
4675
4536
3958
9616
705
3663
2371
9280
3795
7891
6607
9981
4435
5033
2125
866
4452
8383
6557
9330
500
9431
2678
1953
9740
4306
9632
6933
9154
5156
9294
5963
9273
9652
7802
5650
7245
3552
5372
3571
9736
9529
5955
9147
9754
8815
9803
73
3449
4082
6293
5707
8060
5546
5487
9990
2145
5182
4174
3478
2553
5579
1725
1350
4600
3582
9776
1458
1214
4530
326
60
1117
6186
4204
968
1060
7339
345
2402
5470
5407
1463
8856
4289
5837
8322
4590
4101
3486
1208
4759
4763
8810
8680
5306
781
2356
7178
2121
5080
512
9214
7353
9148
6483
4402
8289
3543
6175
8847
7832
7120
8732
8412
9281
3712
7040
372
6702
8306
1600
2937
4436
90
7089
559
6838
3613
5958
5404
7424
425
2949
5223
7257
2894
165
1824
4992
2067
9372
1330
8633
5468
2775
4997
9992
9265
1848
6519
8090
7415
7775
6592
3392
4264
6007
6637
6319
7648
5278
4936
5022
7419
1788
5522
1167
4834
6257
8422
1019
6562
9927
1727
2069
5755
6006
4948
7568
2481
7012
8460
2834
926
1601
5864
830
5601
2542
8811
2247
3334
9133
7944
3688
496
5016
3873
8244
6669
4153
3623
6891
5046
7826
476
4863
8264
4614
3015
52
1418
7058
8833
36
4851
6547
2632
5295
5455
1820
7448
4167
8045
1206
417
2970
3849
2639
5677
5690
3664
9679
4142
816
1316
1313
9088
8276
1130
2000
7580
1015
8606
4339
240
8247
7946
7987
7050
5257
9206
7446
2277
9796
1975
7307
1613
234
912
2851
4457
1248
6704
527
1574
6968
3704
9077
8991
9744
2093
6904
6521
2526
6002
920
6079
1531
1048
5282
8003
2045
2590
3638
8998
6249
4720
3597
8380
583
258
1275
2195
934
7848
9276
8398
4683
6220
6036
2163
3521
8131
8229
3084
6071
6825
5846
2567
8386
2689
2904
8786
4577
2754
6984
8678
3363
1501
6432
2794
6244
1877
1599
8277
2351
4756
4606
5108
5059
96
1998
9058
9271
504
706
6385
7139
8262
1722
8877
756
9440
5759
9525
8452
8185
2852
3079
9841
1231
4489
868
8439
9423
3904
7043
181
4888
6152
3715
569
4848
1099
4987
6265
1829
1369
3525
8395
8742
3064
7274
748
5852
1710
7897
8403
1811
107
4665
7614
3106
195
1000
9614
2525
4381
7150
8642
5658
4537
3469
2809
1545
1432
683
9022
1983
6659
3451
1902
3141
2512
786
8064
3949
7350
1992
3457
5011
9490
8447
4208
3494
7268
5964
4865
5642
4740
6531
2980
592
5164
9818
8078
5224
1303
6033
4596
4273
311
1032
665
378
1945
2332
1806
2105
7900
6760
8493
5813
6538
2629
8940
250
2866
8353
5867
4758
8433
7000
8308
7358
3300
1400
3193
7379
4288
7863
7662
5234
2772
3165
5816
8982
2340
5894
2120
2185
3855
917
9816
905
7189
7898
8697
9261
3472
1958
9318
2581
1500
6269
3078
405
1777
348
9675
1720
385
9845
4304
6439
8962
1759
5031
8823
1439
1235
1414
6800
2281
4274
2774
5456
2365
5083
1962
2681
1787
5171
5003
7291
6185
567
2316
6681
5660
9503
7138
6183
9703
8968
594
7810
4481
4325
2394
5441
8718
528
2501
506
3862
113
4776
6605
9939
8540
4217
8525
7219
7371
4365
460
6724
6179
6621
1083
3982
1621
1118
8219
7641
6096
6085
7431
654
7164
2159
8774
6811
3156
7025
4163
6964
7487
9076
3292
4564
9840
8671
732
3420
7548
4900
2141
4360
2907
1843
7543
294
1859
964
3956
8006
6575
3512
329
8414
7056
9505
62
9349
4199
3131
5356
8210
6448
9258
6236
5956
1389
7102
7158
5998
5464
5359
22
9838
8530
8582
4158
1770
770
2763
7135
5542
3133
7213
2780
3203
1682
4629
1512
2873
4049
7713
9407
2661
8402
3726
6437
1023
1925
6105
6913
9763
8556
8362
6288
3579
4006
6488
359
8032
1854
1611
1519
2246
9124
7670
4926
9524
8699
6732
5863
8138
1154
6122
205
3375
7416
6260
8399
9844
3113
3280
3749
130
2297
9388
8749
3739
6366
4056
4743
4344
7785
5605
2839
1988
9747
3746
6870
9198
7444
4583
2728
4634
3076
5544
3126
5065
7475
3266
4692
6609
8053
2214
9136
6235
328
4196
9288
7452
6791
560
1505
9197
9860
9872
616
2814
9282
3773
5789
2278
7392
4104
4511
9521
6804
2232
5288
2099
9192
4739
4109
3255
4679
8369
257
1404
3382
1901
8647
4047
301
2601
6352
7971
6304
9575
6846
3391
8599
7708
4230
1635
8035
1930
6370
4867
5048
5783
4399
4643
2452
2128
1602
7281
2849
5520
4472
4893
3047
2674
2460
6099
7508
5805
6779
6787
9301
9731
2615
8361
9555
5357
8013
5265
1395
3992
6248
6146
9454
7253
4836
3419
9966
2723
7065
723
671
6176
2113
3261
7402
8812
1665
7903
4895
9036
7781
4969
3694
4064
6189
2670
3164
1290
4546
4580
9833
3946
769
4087
5099
2400
3811
4534
1204
2224
353
5168
3053
8577
2562
9531
1741
3315
8379
5523
282
6008
4083
5932
2115
6497
5335
4088
8653
281
2106
3800
1408
1553
7279
3237
8830
7812
7038
9392
9156
3265
5790
1698
1517
7884
1299
3166
9558
7902
8570
7724
9050
9916
2042
429
1677
4557
9410
945
433
6581
8679
2065
2313
8033
2204
9317
7783
985
1588
9251
8201
2588
4762
6125
4871
5564
7640
4778
5478
9496
6409
6671
3389
1490
8704
5809
6795
6342
6283
1589
7768
7560
2263
3381
5446
6781
2539
8516
3407
432
8554
4959
1008
7082
4774
6369
450
6722
6492
1179
4639
5972
7943
5363
6484
9588
5890
9758
5418
8036
8776
700
9827
6807
9623
2998
2586
5941
1714
4855
434
5795
9592
6292
9054
154
5971
4622
6601
5285
7373
1382
5593
5328
4673
6056
6501
2559
7170
1856
9104
7288
4970
1752
3258
8328
2056
1580
8950
8973
7136
7035
7581
9062
3105
8963
6069
6052
9101
9406
6457
4193
8641
1903
9181
745
4429
5337
1565
4935
4642
531
6967
5933
9735
1507
7557
3875
7908
6629
2029
7262
1773
4188
7132
4902
9346
7669
3827
9914
3973
6230
5798
8730
8975
9204
8639
3108
266
6057
6826
9468
4995
7511
5193
3733
9646
2529
9977
4130
1957
4858
3577
7088
4113
4485
3585
101
4990
3988
3296
8861
9305
4008
2088
9767
3142
4571
9783
6587
6955
976
6256
1310
2376
6302
1112
1575
2712
8213
8804
9659
3062
6496
2727
6905
5691
1938
9950
6325
534
6310
3666
8888
7151
7821
4749
9085
8690
9846
9182
7989
8545
3135
5348
7075
6427
9502
4551
1919
4005
4733
72
7739
984
