99997
99984
99970
99949
99920
99918
99915
99849
99822
99813
99803
99803
99800
99783
99774
99774
99772
99769
99733
99708
99689
99664
99664
99657
99657
99657
99623
99623
99599
99596
99584
99577
99570
99558
99556
99553
99537
99526
99507
99500
99488
99487
99461
99435
99423
99420
99410
99405
99390
99389
99377
99364
99356
99319
99315
99284
99283
99277
99272
99257
99233
99228
99221
99199
99193
99186
99173
99169
99169
99156
99149
99143
99135
99132
99122
99119
99118
99099
99090
99087
99082
99081
99075
99073
99072
99071
99069
99057
99056
99050
99045
99041
99025
99015
98993
98977
98971
98969
98937
98925
98899
98898
98884
98879
98879
98864
98838
98832
98802
98802
98790
98789
98757
98751
98740
98734
98694
98683
98674
98664
98663
98655
98651
98634
98631
98629
98628
98620
98619
98616
98615
98608
98605
98603
98601
98596
98582
98572
98569
98562
98551
98549
98549
98536
98506
98487
98486
98485
98472
98440
98436
98429
98404
98395
98393
98386
98378
98369
98351
98326
98322
98311
98306
98289
98282
98277
98275
98274
98272
98261
98212
98201
98147
98143
98124
98113
98112
98088
98082
98066
98064
98049
98028
98005
97991
97977
97969
97962
97959
97950
97949
97944
97917
97883
97882
97857
97840
97835
97829
97823
97821
97800
97797
97791
97772
97762
97738
97728
97716
97713
97704
97683
97683
97683
97679
97643
97626
97623
97585
97572
97571
97570
97562
97561
97555
97534
97518
97486
97449
97439
97408
97393
97388
97387
97384
97379
97364
97362
97348
97337
97335
97334
97332
97331
97312
97277
97267
97265
97260
97260
97248
97235
97231
97217
97216
97210
97190
97186
97180
97179
97172
97135
97095
97093
97073
97061
97013
97013
97004
96968
96959
96956
96952
96948
96925
96914
96891
96862
96861
96852
96829
96823
96815
96812
96812
96807
96800
96770
96764
96740
96731
96723
96715
96707
96678
96652
96630
96622
96612
96578
96543
96541
96530
96529
96520
96500
96488
96468
96439
96434
96434
96432
96404
96398
96396
96394
96376
96355
96348
96343
96307
96294
96281
96277
96271
96269
96267
96243
96237
96236
96233
96231
96222
96212
96205
96187
96185
96168
96162
96161
96153
96094
96078
96076
96050
96022
96020
96015
96004
96003
95981
95957
95954
95938
95934
95930
95929
95927
95925
95908
95906
95891
95882
95878
95877
95869
95867
95834
95831
95830
95829
95823
95797
95782
95779
95766
95756
95752
95742
95738
95734
95732
95709
95708
95698
95698
95688
95679
95673
95669
95649
95648
95639
95629
95622
95603
95587
95581
95580
95575
95569
95568
95554
95545
95541
95536
95518
95498
95486
95484
95459
95458
95402
95399
95397
95389
95341
95332
95331
95321
95307
95297
95258
95249
95239
95226
95221
95211
95205
95194
95194
95193
95177
95173
95164
95161
95154
95153
95153
95151
95149
95139
95135
95129
95122
95119
95117
95103
95099
95085
95075
95073
95062
95061
95057
95027
95022
95018
95009
94993
94992
94990
94980
94980
94977
94971
94963
94959
94956
94953
94945
94945
94927
94926
94919
94918
94911
94895
94890
94881
94869
94861
94832
94826
94823
94812
94810
94788
94787
94786
94767
94766
94749
94740
94740
94731
94725
94719
94718
94718
94712
94692
94675
94659
94653
94650
94649
94623
94619
94599
94584
94568
94562
94544
94535
94504
94483
94482
94479
94463
94462
94443
94390
94380
94376
94365
94355
94353
94350
94347
94341
94336
94335
94308
94300
94294
94277
94267
94242
94229
94217
94202
94199
94196
94193
94178
94175
94169
94164
94158
94113
94097
94095
94067
94066
94062
94060
94059
94048
93991
93989
93987
93986
93985
93984
93982
93967
93967
93963
93962
93953
93947
93930
93926
93915
93866
93855
93834
93831
93820
93813
93796
93788
93783
93779
93778
93772
93755
93734
93734
93733
93725
93704
93697
93650
93647
93646
93645
93637
93632
93589
93586
93586
93579
93579
93570
93551
93551
93550
93520
93505
93490
93488
93462
93437
93436
93396
93392
93390
93368
93365
93360
93349
93348
93345
93302
93295
93290
93265
93253
93252
93226
93193
93191
93190
93178
93176
93172
93171
93166
93165
93161
93159
93144
93140
93133
93129
93096
93096
93075
93069
93046
93037
93012
93009
93004
93002
93002
93000
92996
92985
92982
92970
92939
92939
92926
92916
92914
92887
92876
92867
92860
92856
92852
92849
92838
92829
92816
92809
92800
92799
92791
92737
92733
92704
92696
92682
92670
92667
92655
92613
92613
92609
92596
92596
92585
92567
92565
92561
92560
92544
92525
92518
92517
92515
92493
92486
92477
92457
92451
92445
92442
92431
92429
92428
92428
92402
92402
92378
92376
92372
92343
92337
92316
92311
92299
92299
92293
92284
92283
92266
92262
92252
92240
92207
92204
92202
92199
92197
92196
92157
92154
92153
92149
92148
92144
92140
92131
92112
92083
92078
92066
92061
92051
92045
92027
92011
92001
92001
92001
91997
91995
91992
91992
91985
91977
91956
91956
91926
91909
91886
91885
91880
91877
91869
91854
91847
91827
91826
91818
91815
91800
91791
91789
91786
91758
91753
91753
91750
91740
91705
91695
91694
91682
91652
91652
91651
91633
91631
91609
91605
91604
91595
91579
91572
91563
91561
91552
91550
91549
91524
91517
91513
91502
91498
91496
91494
91487
91478
91474
91455
91453
91450
91445
91442
91435
91430
91426
91424
91423
91408
91406
91395
91373
91352
91346
91344
91341
91331
91321
91299
91284
91284
91277
91273
91265
91259
91244
91235
91204
91178
91175
91150
91111
91109
91090
91078
91070
91063
91062
91060
91054
91053
91046
91031
91022
91004
91000
90997
90988
90978
90969
90968
90963
90959
90957
90940
90926
90923
90922
90846
90841
90825
90820
90813
90809
90795
90784
90780
90776
90771
90754
90747
90737
90734
90728
90724
90717
90715
90711
90708
90686
90675
90671
90666
90663
90650
90648
90637
90624
90623
90623
90622
90609
90600
90577
90572
90560
90557
90547
90542
90541
90540
90539
90526
90521
90512
90512
90512
90509
90504
90503
90490
90487
90486
90481
90479
90475
90474
90471
90470
90466
90454
90438
90411
90395
90390
90385
90381
90365
90362
90335
90326
90325
90303
90293
90259
90256
90250
90241
90233
90220
90212
90198
90170
90159
90143
90126
90124
90120
90116
90109
90081
90081
90048
90038
90016
90010
90010
89987
89987
89982
89976
89971
89933
89918
89913
89902
89895
89871
89860
89858
89851
89849
89844
89834
89833
89830
89802
89798
89798
89790
89783
89780
89780
89777
89772
89770
89765
89753
89749
89744
89744
89724
89717
89714
89700
89697
89687
89686
89685
89679
89663
89660
89657
89654
89633
89632
89621
89606
89598
89594
89583
89570
89553
89548
89548
89518
89512
89493
89481
89473
89459
89452
89448
89433
89430
89423
89399
89399
89398
89396
89383
89379
89372
89369
89335
89324
89299
89260
89258
89241
89223
89220
89214
89214
89211
89211
89197
89180
89172
89169
89149
89130
89102
89100
89090
89082
89079
89075
89071
89070
89054
89039
89039
89026
89024
89023
89018
89011
89008
88992
88986
88939
88936
88934
88923
88920
88919
88912
88912
88904
88903
88902
88882
88856
88838
88832
88823
88810
88803
88797
88780
88775
88768
88753
88749
88737
88719
88717
88694
88690
88683
88677
88676
88657
88654
88652
88646
88643
88642
88642
88641
88638
88636
88629
88620
88614
88606
88600
88593
88583
88575
88574
88536
88516
88510
88509
88509
88506
88497
88494
88486
88486
88485
88477
88472
88470
88465
88462
88453
88451
88444
88436
88431
88413
88389
88369
88357
88353
88316
88309
88303
88284
88280
88258
88253
88234
88227
88221
88207
88204
88189
88184
88181
88168
88166
88161
88142
88141
88128
88127
88122
88122
88115
88115
88113
88104
88103
88085
88079
88070
88032
88010
88008
87998
87969
87941
87930
87922
87914
87913
87913
87905
87889
87883
87868
87867
87858
87843
87840
87839
87831
87819
87799
87798
87780
87779
87772
87769
87768
87765
87748
87739
87731
87727
87721
87721
87702
87694
87692
87688
87685
87682
87673
87654
87645
87638
87637
87629
87614
87610
87604
87598
87588
87579
87574
87554
87543
87535
87532
87527
87525
87514
87513
87512
87500
87491
87471
87466
87443
87438
87431
87420
87420
87408
87408
87396
87388
87381
87369
87369
87367
87343
87338
87334
87292
87289
87275
87267
87228
87221
87202
87190
87159
87148
87086
87081
87078
87077
87061
87055
87051
87048
87043
87031
87026
87023
87020
87015
87001
86998
86992
86988
86945
86915
86892
86887
86885
86881
86866
86866
86849
86843
86842
86841
86830
86830
86801
86788
86788
86787
86782
86770
86768
86765
86751
86742
86738
86722
86708
86693
86663
86662
86652
86644
86624
86620
86618
86618
86602
86500
86495
86488
86482
86475
86473
86470
86462
86461
86453
86438
86436
86404
86394
86377
86372
86372
86367
86355
86326
86324
86323
86321
86315
86314
86309
86305
86283
86261
86243
86241
86236
86228
86214
86213
86213
86209
86188
86182
86172
86158
86155
86131
86124
86106
86086
86077
86070
86048
85987
85985
85983
85978
85977
85975
85974
85974
85969
85950
85945
85942
85917
85912
85888
85882
85877
85877
85873
85851
85842
85842
85817
85808
85796
85791
85787
85787
85772
85764
85757
85757
85750
85750
85735
85710
85710
85709
85706
85703
85694
85685
85677
85672
85671
85656
85644
85638
85621
85619
85619
85603
85595
85586
85579
85576
85569
85545
85540
85524
85517
85514
85495
85485
85471
85449
85441
85429
85417
85416
85395
85382
85380
85374
85364
85357
85343
85342
85340
85338
85333
85332
85323
85319
85316
85298
85290
85267
85263
85262
85261
85232
85231
85226
85225
85224
85202
85200
85179
85177
85171
85122
85109
85107
85082
85081
85030
85026
85023
84991
84980
84941
84891
84887
84879
84849
84836
84833
84829
84822
84811
84809
84808
84802
84798
84794
84788
84785
84762
84754
84751
84746
84718
84717
84715
84698
84673
84617
84613
84613
84596
84589
84563
84561
84549
84543
84498
84493
84491
84478
84474
84473
84471
84466
84465
84437
84433
84432
84425
84415
84389
84380
84359
84340
84338
84334
84322
84319
84317
84313
84302
84284
84281
84262
84249
84247
84233
84220
84220
84206
84197
84179
84166
84166
84156
84130
84113
84089
84085
84066
84041
84037
84035
84016
84015
84006
83951
83948
83946
83937
83936
83918
83910
83898
83895
83876
83868
83861
83853
83840
83837
83837
83807
83797
83782
83769
83767
83738
83723
83715
83711
83707
83697
83662
83661
83653
83649
83642
83632
83624
83623
83622
83593
83572
83566
83564
83562
83545
83534
83533
83520
83519
83516
83452
83446
83436
83436
83431
83417
83416
83392
83387
83381
83372
83333
83330
83304
83281
83270
83270
83269
83268
83267
83265
83258
83244
83238
83227
83227
83223
83211
83210
83207
83187
83187
83180
83166
83158
83148
83145
83145
83132
83122
83096
83095
83080
83069
83063
83052
83047
83030
83024
83017
83016
83015
83013
83012
83012
83008
83004
83003
82994
82971
82955
82930
82924
82914
82912
82910
82902
82887
82877
82863
82835
82832
82821
82817
82809
82803
82783
82772
82755
82746
82741
82724
82724
82708
82695
82685
82666
82663
82647
82631
82613
82608
82605
82600
82594
82591
82590
82584
82582
82580
82577
82569
82563
82556
82548
82528
82503
82502
82502
82494
82493
82484
82472
82466
82439
82431
82421
82419
82413
82412
82406
82401
82390
82385
82373
82368
82365
82361
82346
82340
82314
82306
82300
82297
82295
82284
82279
82262
82258
82256
82235
82204
82201
82192
82140
82136
82135
82125
82121
82114
82112
82110
82100
82088
82079
82062
82055
82029
82008
81999
81994
81987
81984
81976
81970
81952
81943
81920
81918
81889
81881
81873
81869
81842
81842
81833
81827
81805
81803
81795
81781
81765
81760
81760
81743
81728
81706
81704
81701
81691
81668
81652
81638
81631
81626
81619
81609
81572
81562
81552
81551
81521
81511
81502
81486
81473
81467
81439
81428
81420
81410
81383
81364
81357
81352
81331
81322
81321
81311
81304
81304
81300
81296
81292
81290
81280
81263
81220
81213
81207
81200
81183
81179
81154
81151
81149
81134
81128
81125
81110
81105
81096
81086
81085
81078
81071
81070
81068
81065
81059
81054
81031
81028
80994
80994
80988
80983
80978
80962
80938
80935
80925
80891
80888
80846
80818
80811
80810
80788
80763
80714
80711
80689
80684
80674
80654
80649
80648
80638
80638
80625
80617
80606
80587
80587
80581
80576
80574
80565
80528
80510
80506
80494
80478
80478
80475
80451
80440
80437
80433
80421
80412
80398
80394
80380
80375
80363
80362
80346
80340
80331
80324
80323
80316
80314
80294
80265
80256
80223
80207
80207
80199
80191
80182
80172
80165
80164
80146
80119
80103
80096
80088
80076
80072
80069
80069
80056
80038
80020
80015
79994
79979
79975
79967
79967
79957
79951
79949
79942
79939
79935
79925
79919
79913
79909
79903
79888
79881
79880
79835
79825
79821
79820
79810
79807
79801
79790
79785
79770
79770
79765
79732
79727
79726
79723
79721
79719
79717
79717
79709
79708
79702
79690
79675
79672
79666
79665
79653
79638
79633
79630
79609
79606
79603
79602
79564
79563
79540
79521
79497
79489
79482
79457
79453
79442
79442
79435
79429
79423
79416
79413
79410
79398
79398
79397
79391
79373
79365
79365
79310
79307
79299
79290
79285
79280
79261
79254
79252
79249
79245
79237
79236
79192
79191
79191
79190
79177
79171
79166
79153
79147
79142
79139
79127
79125
79110
79108
79088
79078
79074
79064
79049
79045
79039
79028
79019
79015
79008
79004
78988
78985
78984
78983
78981
78970
78949
78947
78939
78936
78924
78923
78907
78903
78897
78886
78883
78882
78880
78878
78859
78849
78840
78837
78830
78829
78819
78802
78800
78791
78790
78787
78782
78781
78773
78760
78752
78752
78741
78739
78737
78730
78721
78692
78687
78684
78650
78643
78642
78642
78640
78640
78638
78637
78618
78608
78595
78593
78588
78587
78586
78548
78506
78500
78492
78481
78458
78444
78411
78407
78400
78371
78369
78364
78356
78354
78343
78333
78323
78322
78321
78305
78299
78297
78295
78291
78281
78238
78235
78231
78214
78212
78212
78170
78168
78168
78155
78132
78117
78104
78102
78092
78078
78056
78052
78046
78039
78033
78023
78014
78013
78013
77968
77962
77960
77949
77940
77918
77913
77912
77911
77910
77908
77908
77908
77895
77889
77880
77876
77857
77855
77849
77846
77841
77836
77836
77832
77823
77812
77809
77789
77783
77770
77766
77761
77749
77734
77709
77688
77684
77667
77663
77655
77650
77644
77630
77620
77613
77603
77602
77594
77594
77588
77582
77582
77568
77567
77567
77559
77556
77551
77550
77547
77541
77539
77538
77526
77519
77512
77463
77442
77440
77436
77417
77417
77409
77393
77379
77363
77363
77357
77353
77334
77328
77308
77307
77307
77300
77295
77295
77289
77287
77276
77266
77266
77263
77259
77248
77233
77206
77188
77174
77163
77160
77158
77157
77149
77129
77128
77113
77112
77024
77021
77013
76978
76974
76964
76958
76952
76949
76908
76905
76898
76896
76892
76891
76887
76887
76882
76877
76871
76871
76861
76854
76854
76851
76834
76822
76800
76800
76800
76797
76793
76770
76693
76676
76675
76670
76669
76663
76651
76647
76630
76621
76615
76601
76587
76580
76579
76574
76572
76572
76564
76562
76551
76546
76530
76527
76485
76484
76480
76474
76472
76460
76452
76449
76446
76445
76444
76442
76431
76421
76406
76405
76392
76392
76378
76375
76371
76362
76332
76309
76292
76281
76267
76255
76219
76193
76166
76166
76160
76147
76142
76128
76116
76112
76106
76099
76079
76074
76067
76065
76060
76059
76049
76044
76043
76020
76013
76006
76003
75998
75940
75937
75932
75895
75870
75868
75854
75849
75849
75824
75822
75800
75784
75768
75759
75757
75751
75748
75742
75729
75684
75682
75651
75636
75633
75628
75628
75621
75617
75605
75604
75603
75600
75599
75592
75574
75574
75552
75543
75526
75517
75511
75482
75472
75452
75443
75433
75427
75393
75385
75384
75376
75367
75355
75352
75338
75329
75325
75324
75320
75308
75301
75294
75291
75271
75265
75256
75247
75247
75242
75209
75169
75167
75162
75160
75105
75091
75077
75075
75071
75068
75056
75041
75032
75030
75027
74990
74981
74972
74971
74949
74906
74890
74870
74866
74846
74842
74803
74797
74796
74791
74788
74786
74777
74773
74759
74756
74742
74721
74720
74717
74685
74673
74667
74664
74658
74649
74636
74632
74623
74619
74605
74595
74588
74572
74572
74563
74542
74526
74523
74498
74489
74484
74472
74462
74462
74453
74438
74410
74405
74382
74380
74313
74305
74282
74209
74204
74201
74200
74187
74165
74161
74153
74149
74143
74142
74139
74134
74133
74108
74099
74098
74089
74084
74082
74062
74035
74019
74018
74016
74011
74011
74005
73998
73985
73978
73976
73957
73938
73937
73935
73920
73917
73912
73907
73888
73873
73864
73856
73848
73836
73832
73828
73819
73815
73814
73798
73770
73769
73767
73766
73759
73756
73746
73740
73739
73734
73705
73695
73692
73684
73683
73640
73617
73614
73602
73595
73584
73572
73554
73522
73520
73481
73480
73475
73458
73447
73440
73430
73422
73397
73394
73394
73383
73381
73372
73366
73355
73349
73326
73322
73299
73285
73279
73277
73276
73272
73266
73255
73253
73253
73224
73216
73191
73168
73151
73151
73135
73119
73109
73098
73084
73073
73065
73050
73043
73032
73030
73007
72992
72972
72964
72947
72942
72929
72926
72920
72911
72907
72903
72898
72895
72893
72887
72876
72872
72870
72869
72867
72866
72849
72830
72829
72810
72794
72787
72782
72781
72775
72774
72773
72771
72771
72760
72760
72754
72752
72748
72746
72726
72718
72715
72703
72699
72698
72680
72677
72638
72603
72595
72594
72591
72590
72590
72557
72542
72529
72525
72523
72501
72494
72492
72483
72477
72471
72462
72444
72421
72410
72379
72378
72369
72364
72361
72360
72359
72359
72338
72323
72320
72318
72291
72278
72242
72236
72233
72231
72229
72224
72222
72209
72207
72197
72184
72180
72180
72177
72145
72145
72144
72131
72128
72116
72111
72063
72060
72046
72035
72030
72018
72012
71999
71964
71908
71905
71887
71834
71827
71810
71802
71796
71780
71778
71767
71764
71748
71738
71732
71722
71720
71714
71707
71677
71657
71644
71625
71621
71613
71605
71590
71590
71579
71574
71561
71535
71530
71521
71493
71491
71477
71475
71449
71444
71433
71432
71425
71421
71388
71375
71373
71372
71369
71367
71357
71349
71311
71310
71300
71295
71293
71290
71287
71272
71264
71257
71247
71245
71238
71231
71230
71221
71197
71197
71196
71184
71173
71172
71161
71151
71143
71141
71134
71092
71084
71079
71077
71069
71050
71030
71030
71016
71010
71007
71000
70999
70997
70997
70993
70993
70990
70987
70987
70974
70971
70955
70911
70909
70903
70898
70893
70890
70881
70879
70854
70846
70845
70832
70829
70805
70794
70784
70778
70778
70764
70763
70755
70745
70737
70732
70676
70665
70660
70653
70645
70639
70633
70612
70607
70572
70560
70539
70529
70522
70519
70516
70510
70506
70478
70477
70475
70463
70461
70454
70448
70445
70437
70433
70421
70403
70396
70394
70387
70371
70369
70367
70367
70360
70352
70343
70341
70322
70306
70305
70302
70302
70299
70297
70285
70267
70266
70252
70248
70236
70218
70202
70199
70181
70170
70164
70136
70136
70133
70110
70092
70088
70064
70062
70060
70055
70039
70025
70017
70016
69993
69992
69982
69958
69951
69945
69934
69923
69923
69920
69907
69901
69894
69887
69885
69881
69866
69861
69854
69852
69846
69840
69839
69823
69818
69806
69798
69788
69754
69747
69744
69731
69730
69684
69683
69683
69651
69648
69640
69626
69611
69605
69603
69594
69592
69590
69557
69538
69536
69509
69508
69489
69407
69404
69403
69403
69394
69381
69365
69355
69353
69351
69344
69336
69330
69319
69316
69313
69311
69295
69295
69292
69287
69284
69284
69274
69261
69261
69248
69242
69238
69227
69211
69203
69197
69189
69187
69173
69149
69147
69137
69134
69132
69122
69118
69116
69110
69062
69054
69051
69051
69049
69042
69038
68998
68973
68973
68972
68964
68961
68959
68954
68948
68944
68925
68894
68892
68875
68864
68863
68862
68854
68849
68828
68811
68810
68809
68804
68785
68785
68774
68765
68764
68760
68742
68740
68719
68698
68690
68674
68674
68669
68669
68665
68651
68642
68618
68596
68595
68595
68590
68580
68568
68540
68537
68529
68520
68501
68490
68476
68444
68432
68423
68419
68404
68394
68389
68388
68385
68356
68355
68344
68333
68333
68329
68324
68322
68299
68288
68288
68285
68275
68255
68253
68252
68251
68250
68245
68197
68196
68187
68183
68175
68174
68154
68150
68149
68129
68113
68112
68110
68104
68103
68075
68075
68070
68067
68067
68063
68046
68041
68036
68035
68035
68031
67993
67988
67976
67908
67899
67883
67869
67856
67855
67844
67837
67828
67816
67805
67800
67794
67785
67782
67774
67769
67767
67751
67728
67727
67716
67713
67713
67711
67679
67648
67647
67642
67636
67636
67630
67615
67597
67592
67585
67581
67577
67577
67570
67563
67554
67548
67545
67540
67531
67520
67516
67500
67491
67487
67463
67463
67449
67448
67445
67421
67405
67403
67390
67384
67382
67372
67360
67355
67344
67343
67339
67330
67309
67297
67294
67279
67278
67266
67249
67247
67244
67243
67235
67233
67228
67213
67202
67198
67194
67186
67176
67172
67160
67156
67155
67148
67123
67108
67101
67098
67068
67062
67061
67058
67051
67049
67005
66994
66991
66979
66972
66933
66928
66928
66905
66868
66861
66859
66857
66819
66806
66806
66806
66806
66788
66769
66757
66751
66723
66699
66698
66686
66685
66680
66678
66673
66672
66668
66625
66618
66616
66614
66608
66602
66581
66567
66555
66548
66547
66544
66517
66516
66498
66497
66487
66479
66478
66467
66466
66455
66454
66450
66418
66413
66410
66406
66395
66390
66382
66371
66368
66365
66346
66316
66276
66273
66273
66266
66265
66242
66235
66217
66210
66204
66199
66197
66181
66173
66155
66153
66149
66118
66090
66087
66075
66071
66035
66033
66027
65986
65965
65961
65960
65957
65954
65951
65945
65944
65930
65898
65886
65877
65874
65874
65864
65853
65824
65819
65809
65808
65803
65799
65798
65797
65771
65769
65768
65763
65748
65741
65739
65736
65723
65718
65713
65694
65679
65674
65672
65666
65651
65646
65636
65635
65626
65626
65619
65605
65600
65600
65596
65590
65579
65577
65573
65561
65551
65542
65539
65523
65505
65500
65493
65490
65484
65474
65469
65455
65447
65356
65349
65344
65339
65334
65327
65323
65319
65315
65289
65282
65278
65275
65273
65265
65261
65259
65239
65232
65220
65217
65214
65211
65205
65192
65184
65181
65159
65155
65148
65138
65137
65136
65126
65123
65113
65103
65089
65063
65056
65043
65036
65009
64990
64986
64980
64976
64971
64932
64931
64915
64875
64867
64864
64847
64833
64822
64820
64818
64791
64787
64785
64777
64772
64765
64758
64735
64733
64731
64710
64684
64680
64648
64639
64635
64621
64612
64602
64594
64592
64579
64577
64576
64559
64541
64520
64518
64498
64496
64487
64464
64460
64459
64443
64441
64426
64426
64416
64404
64395
64382
64378
64352
64342
64337
64330
64319
64287
64279
64264
64263
64223
64203
64201
64198
64198
64193
64168
64156
64141
64110
64108
64099
64097
64071
64069
64048
64046
64037
64034
64019
64014
63993
63972
63959
63953
63944
63926
63919
63904
63887
63874
63851
63850
63831
63801
63787
63771
63758
63755
63742
63727
63724
63722
63711
63711
63698
63690
63685
63676
63670
63664
63664
63663
63661
63648
63627
63607
63548
63541
63538
63537
63536
63535
63522
63515
63513
63490
63485
63483
63467
63466
63465
63414
63406
63374
63356
63354
63349
63344
63343
63337
63315
63312
63299
63295
63293
63289
63287
63269
63267
63267
63263
63260
63225
63193
63190
63187
63182
63179
63169
63161
63161
63147
63146
63140
63068
63057
63055
63046
63044
63024
63005
62972
62961
62953
62943
62923
62906
62901
62887
62886
62879
62873
62868
62864
62858
62855
62852
62850
62849
62837
62829
62824
62818
62811
62806
62797
62796
62754
62749
62743
62729
62715
62713
62684
62666
62656
62648
62639
62617
62611
62561
62559
62555
62551
62550
62550
62546
62541
62513
62501
62501
62492
62480
62464
62455
62450
62449
62448
62428
62426
62426
62411
62410
62409
62362
62352
62334
62319
62295
62280
62279
62262
62259
62258
62254
62247
62246
62242
62237
62236
62235
62234
62231
62214
62193
62185
62178
62174
62173
62166
62166
62134
62123
62114
62110
62110
62089
62080
62069
62059
62031
62027
61965
61961
61948
61944
61937
61936
61928
61923
61921
61917
61912
61910
61907
61903
61901
61896
61874
61874
61868
61858
61858
61847
61819
61814
61812
61812
61811
61811
61796
61790
61781
61780
61779
61774
61773
61754
61745
61729
61729
61721
61695
61677
61662
61652
61645
61632
61616
61577
61553
61532
61530
61528
61527
61524
61523
61517
61486
61480
61475
61462
61461
61448
61433
61428
61426
61406
61403
61376
61360
61352
61345
61330
61308
61304
61292
61274
61252
61236
61233
61213
61204
61200
61196
61195
61195
61191
61181
61165
61164
61148
61146
61116
61101
61097
61084
61075
61049
61030
61009
61008
60996
60991
60988
60988
60977
60938
60928
60927
60921
60920
60910
60905
60896
60886
60873
60865
60861
60846
60845
60841
60813
60801
60798
60796
60794
60794
60782
60762
60747
60727
60709
60693
60690
60679
60678
60675
60665
60663
60653
60639
60634
60616
60604
60600
60596
60581
60577
60563
60562
60561
60542
60534
60514
60513
60509
60503
60500
60487
60485
60482
60474
60471
60457
60445
60436
60431
60422
60413
60379
60359
60357
60356
60329
60326
60325
60319
60311
60294
60279
60255
60203
60191
60189
60164
60164
60156
60133
60126
60118
60105
60101
60101
60099
60090
60059
60056
60054
60049
60047
60036
60030
59991
59978
59975
59963
59947
59917
59913
59893
59886
59879
59875
59858
59847
59845
59834
59797
59773
59772
59755
59747
59730
59728
59712
59698
59692
59660
59656
59637
59628
59625
59594
59585
59581
59580
59578
59575
59574
59573
59566
59518
59515
59493
59483
59473
59433
59425
59360
59352
59351
59344
59339
59326
59322
59318
59314
59310
59297
59279
59256
59250
59249
59223
59223
59196
59194
59185
59167
59147
59145
59139
59105
59080
59076
59072
59070
59049
59025
59020
59002
59002
58981
58968
58967
58959
58947
58946
58921
58894
58885
58878
58876
58862
58851
58831
58826
58825
58816
58815
58807
58806
58801
58760
58753
58752
58751
58748
58743
58743
58735
58715
58696
58678
58677
58673
58672
58658
58649
58641
58635
58635
58626
58623
58611
58607
58593
58591
58583
58555
58533
58520
58510
58504
58494
58467
58463
58431
58413
58407
58400
58399
58397
58388
58379
58372
58366
58364
58357
58356
58334
58323
58319
58311
58300
58280
58274
58267
58248
58225
58224
58206
58185
58177
58155
58153
58147
58145
58140
58139
58136
58093
58080
58077
58067
58045
58039
58035
58029
58026
58023
58019
57982
57979
57970
57958
57941
57938
57935
57916
57911
57897
57877
57847
57845
57842
57830
57805
57801
57800
57789
57784
57779
57770
57766
57745
57739
57731
57730
57727
57723
57717
57716
57684
57683
57678
57666
57664
57659
57657
57652
57641
57635
57629
57619
57608
57604
57589
57580
57569
57558
57540
57540
57534
57522
57518
57515
57505
57485
57479
57455
57450
57443
57442
57437
57430
57404
57399
57399
57397
57341
57339
57330
57308
57307
57296
57292
57283
57281
57269
57253
57251
57229
57218
57208
57173
57168
57166
57149
57147
57111
57097
57058
57031
57024
56989
56986
56975
56962
56960
56958
56952
56952
56942
56929
56921
56903
56880
56876
56870
56845
56823
56812
56799
56790
56782
56770
56762
56749
56747
56738
56730
56686
56685
56665
56663
56662
56640
56639
56633
56625
56624
56624
56604
56591
56558
56546
56534
56533
56531
56526
56514
56510
56507
56503
56500
56491
56486
56478
56468
56454
56450
56447
56443
56414
56413
56391
56383
56364
56356
56343
56338
56321
56311
56308
56300
56292
56287
56282
56277
56274
56268
56228
56222
56219
56219
56156
56151
56149
56139
56133
56118
56118
56118
56107
56104
56098
56096
56096
56081
56076
56069
56063
56044
56043
55997
55996
55990
55979
55966
55964
55950
55908
55896
55879
55877
55876
55869
55861
55844
55837
55829
55829
55820
55808
55803
55792
55779
55762
55757
55744
55742
55729
55727
55721
55712
55697
55687
55686
55673
55669
55665
55661
55651
55647
55647
55644
55641
55617
55617
55612
55611
55610
55595
55591
55580
55568
55551
55546
55539
55523
55522
55512
55508
55489
55476
55474
55458
55457
55456
55449
55434
55433
55408
55405
55392
55375
55372
55367
55367
55361
55350
55340
55286
55278
55274
55270
55267
55247
55233
55222
55217
55213
55201
55175
55164
55139
55133
55103
55089
55080
55075
55075
55061
55035
55030
55000
54999
54988
54986
54952
54925
54923
54917
54906
54905
54903
54902
54888
54863
54861
54857
54852
54847
54842
54840
54838
54834
54833
54825
54817
54799
54798
54786
54784
54757
54743
54738
54726
54719
54676
54671
54662
54650
54650
54650
54630
54624
54613
54607
54604
54595
54587
54573
54573
54572
54572
54565
54563
54562
54548
54546
54544
54543
54537
54528
54517
54488
54476
54468
54460
54455
54452
54443
54431
54395
54392
54374
54357
54351
54340
54333
54325
54276
54257
54255
54248
54238
54237
54233
54226
54212
54201
54196
54194
54185
54179
54178
54175
54155
54153
54152
54147
54137
54120
54115
54114
54111
54100
54099
54093
54091
54074
54073
54067
54065
54056
54043
54038
54009
54002
53990
53978
53975
53970
53967
53960
53952
53949
53935
53929
53928
53925
53920
53910
53883
53862
53860
53855
53851
53848
53848
53848
53846
53845
53819
53815
53812
53791
53788
53782
53780
53771
53770
53757
53751
53745
53728
53725
53718
53715
53712
53710
53704
53697
53686
53678
53674
53670
53668
53655
53635
53614
53610
53595
53595
53594
53593
53584
53565
53559
53558
53541
53495
53488
53488
53487
53476
53470
53463
53461
53446
53441
53420
53414
53413
53393
53368
53364
53359
53357
53332
53288
53284
53284
53270
53258
53249
53236
53230
53224
53213
53211
53205
53201
53190
53186
53185
53173
53169
53166
53164
53163
53159
53150
53142
53123
53116
53113
53112
53108
53102
53102
53100
53096
53066
53063
53058
53051
53043
53039
53020
53017
53017
53016
53011
53006
53000
52991
52985
52977
52963
52963
52957
52921
52911
52910
52909
52853
52848
52841
52840
52803
52801
52793
52788
52777
52776
52774
52768
52762
52738
52737
52723
52710
52698
52690
52683
52667
52662
52651
52628
52623
52622
52618
52617
52607
52603
52601
52573
52553
52551
52543
52532
52512
52499
52494
52473
52468
52466
52447
52436
52428
52416
52412
52407
52406
52397
52396
52396
52393
52391
52383
52357
52353
52352
52339
52337
52330
52326
52292
52278
52268
52242
52233
52221
52216
52213
52207
52206
52202
52189
52186
52182
52182
52177
52172
52158
52138
52126
52124
52115
52109
52101
52099
52070
52042
52026
52009
52005
51993
51992
51992
51964
51960
51958
51955
51939
51930
51913
51913
51908
51898
51891
51889
51879
51876
51875
51863
51861
51860
51858
51838
51833
51828
51827
51823
51818
51816
51811
51801
51801
51800
51799
51795
51792
51791
51783
51782
51781
51775
51769
51758
51733
51720
51703
51689
51662
51655
51647
51640
51639
51638
51636
51626
51625
51619
51599
51579
51557
51523
51521
51520
51514
51495
51483
51471
51461
51450
51442
51428
51420
51417
51409
51399
51394
51391
51388
51387
51371
51355
51351
51341
51332
51309
51304
51291
51271
51271
51266
51265
51263
51240
51229
51222
51212
51200
51187
51179
51176
51174
51129
51128
51113
51104
51096
51095
51076
51072
51067
51065
51060
51055
51038
51007
50995
50992
50985
50985
50983
50981
50963
50960
50955
50950
50895
50885
50883
50882
50852
50849
50849
50848
50844
50836
50832
50831
50830
50827
50808
50806
50798
50782
50772
50748
50682
50681
50648
50644
50641
50635
50627
50610
50609
50609
50593
50588
50576
50575
50566
50564
50557
50547
50534
50532
50526
50524
50510
50466
50464
50431
50424
50422
50416
50391
50387
50336
50330
50301
50299
50284
50281
50264
50256
50252
50250
50246
50245
50236
50219
50170
50165
50161
50134
50129
50129
50128
50128
50124
50123
50118
50099
50097
50097
50076
50072
50071
50071
50061
50060
50057
50051
50048
50045
50044
50021
50016
50005
50001
49988
49975
49965
49955
49945
49945
49944
49939
49911
49909
49894
49887
49885
49883
49883
49879
49860
49839
49830
49822
49821
49813
49803
49800
49794
49771
49763
49756
49745
49733
49728
49726
49706
49651
49648
49642
49639
49599
49594
49584
49576
49555
49533
49526
49488
49486
49480
49442
49407
49386
49372
49355
49354
49353
49339
49330
49307
49265
49258
49254
49253
49233
49217
49196
49187
49150
49149
49148
49123
49117
49111
49105
49093
49092
49092
49080
49077
49070
49048
49037
49036
49030
49028
49020
49011
48999
48974
48956
48955
48927
48924
48920
48899
48859
48856
48849
48849
48838
48829
48818
48788
48776
48761
48756
48754
48727
48727
48723
48715
48685
48658
48638
48632
48632
48630
48617
48613
48612
48610
48607
48584
48559
48551
48545
48545
48545
48532
48530
48517
48492
48490
48488
48485
48482
48477
48475
48460
48449
48443
48422
48370
48367
48347
48344
48343
48299
48291
48290
48287
48282
48275
48251
48251
48233
48217
48204
48195
48181
48178
48172
48160
48158
48133
48125
48116
48115
48104
48102
48099
48097
48081
48075
48062
48059
48040
48040
48031
48029
48025
48025
48001
47991
47985
47984
47965
47962
47954
47931
47931
47911
47898
47892
47841
47802
47799
47783
47774
47764
47748
47738
47733
47732
47728
47726
47723
47722
47715
47714
47690
47675
47670
47655
47650
47646
47645
47629
47628
47624
47617
47615
47614
47595
47594
47593
47582
47580
47571
47564
47562
47560
47557
47524
47522
47509
47504
47494
47486
47467
47453
47417
47402
47370
47367
47359
47354
47327
47319
47318
47318
47282
47275
47268
47256
47244
47237
47233
47228
47226
47200
47199
47170
47150
47129
47128
47115
47114
47102
47082
47061
47058
47053
47033
47010
46990
46986
46970
46959
46947
46928
46927
46927
46924
46922
46915
46890
46885
46869
46854
46845
46830
46827
46815
46775
46772
46769
46759
46753
46747
46745
46726
46692
46687
46672
46668
46658
46633
46617
46615
46589
46580
46578
46555
46547
46541
46529
46518
46501
46492
46479
46471
46465
46440
46439
46434
46433
46414
46412
46411
46410
46407
46406
46401
46367
46356
46344
46328
46326
46321
46321
46320
46307
46300
46286
46285
46279
46265
46264
46247
46241
46224
46223
46207
46181
46177
46172
46170
46152
46127
46116
46116
46106
46091
46090
46061
46053
45990
45981
45967
45966
45942
45936
45932
45895
45886
45864
45859
45853
45851
45842
45814
45797
45789
45779
45777
45770
45761
45760
45760
45735
45699
45692
45685
45682
45682
45678
45668
45666
45658
45658
45657
45656
45654
45651
45639
45634
45603
45602
45602
45592
45589
45589
45587
45566
45546
45527
45526
45515
45500
45495
45491
45487
45461
45461
45444
45431
45418
45405
45404
45392
45388
45360
45352
45347
45341
45336
45330
45327
45326
45323
45314
45312
45294
45275
45272
45257
45235
45219
45214
45210
45205
45200
45195
45188
45147
45144
45136
45090
45088
45081
45079
45073
45033
45025
44999
44999
44984
44981
44964
44958
44944
44937
44912
44910
44910
44906
44906
44875
44833
44825
44822
44802
44796
44793
44777
44776
44773
44772
44766
44731
44710
44702
44699
44690
44689
44681
44676
44672
44659
44655
44652
44652
44645
44643
44631
44631
44618
44606
44601
44594
44580
44571
44568
44563
44552
44552
44547
44527
44518
44513
44512
44506
44499
44497
44484
44484
44480
44421
44412
44380
44370
44369
44365
44362
44361
44353
44343
44342
44333
44321
44314
44309
44308
44294
44284
44282
44258
44252
44246
44231
44229
44223
44205
44164
44163
44153
44131
44130
44127
44127
44125
44124
44098
44074
44062
44036
44033
44030
44010
44009
43965
43939
43933
43906
43894
43894
43872
43862
43850
43840
43816
43811
43810
43809
43781
43775
43772
43768
43761
43760
43755
43732
43732
43732
43731
43724
43707
43706
43698
43675
43672
43670
43668
43666
43657
43653
43643
43642
43640
43626
43614
43599
43587
43585
43579
43575
43549
43543
43535
43530
43529
43525
43515
43505
43503
43492
43473
43468
43462
43453
43422
43421
43398
43397
43392
43387
43383
43381
43380
43371
43353
43353
43340
43339
43330
43296
43287
43283
43277
43269
43266
43259
43253
43220
43216
43205
43198
43191
43178
43157
43136
43129
43122
43084
43065
43056
43034
43028
43026
43023
43023
43005
42997
42981
42974
42947
42920
42916
42908
42906
42903
42898
42892
42884
42857
42846
42843
42824
42791
42790
42783
42778
42775
42766
42759
42758
42746
42735
42713
42710
42707
42703
42697
42693
42687
42680
42677
42673
42651
42636
42629
42626
42623
42616
42604
42601
42596
42592
42591
42585
42560
42544
42530
42523
42519
42519
42518
42497
42493
42488
42482
42471
42467
42461
42459
42456
42426
42406
42402
42399
42391
42390
42390
42386
42375
42359
42358
42339
42310
42310
42306
42297
42293
42292
42284
42279
42274
42273
42271
42271
42262
42258
42251
42248
42240
42234
42211
42211
42208
42194
42186
42175
42159
42151
42125
42121
42114
42097
42096
42086
42083
42058
42049
42027
42023
42020
42012
42010
42010
42006
42001
41998
41995
41992
41969
41963
41959
41948
41944
41924
41911
41891
41884
41875
41852
41848
41847
41846
41843
41832
41808
41786
41786
41783
41780
41757
41744
41738
41738
41729
41695
41683
41681
41677
41669
41665
41622
41614
41607
41599
41577
41536
41534
41527
41501
41493
41474
41454
41452
41447
41410
41410
41398
41376
41371
41361
41359
41356
41352
41312
41306
41304
41298
41298
41251
41242
41236
41217
41212
41184
41182
41168
41156
41151
41149
41148
41138
41131
41126
41124
41117
41103
41100
41083
41080
41058
41053
41051
41048
41040
41030
41028
41026
41021
41016
41007
40995
40964
40962
40961
40960
40951
40935
40926
40875
40871
40868
40861
40859
40852
40849
40846
40835
40834
40823
40790
40751
40744
40741
40740
40737
40726
40717
40676
40675
40661
40636
40616
40600
40596
40586
40582
40574
40569
40560
40559
40557
40557
40507
40497
40494
40493
40477
40469
40460
40456
40454
40450
40439
40427
40408
40404
40403
40399
40363
40357
40356
40355
40342
40339
40290
40222
40196
40194
40192
40191
40166
40153
40145
40126
40117
40115
40110
40098
40085
40072
40072
40063
40055
40055
40036
40014
40006
40004
40002
39989
39987
39964
39958
39958
39954
39950
39947
39934
39932
39930
39928
39887
39871
39854
39845
39843
39819
39816
39816
39815
39812
39803
39788
39781
39674
39672
39657
39656
39652
39651
39635
39628
39626
39604
39595
39582
39579
39573
39539
39529
39524
39523
39509
39500
39489
39484
39475
39471
39442
39404
39400
39398
39390
39387
39383
39369
39368
39366
39365
39358
39357
39353
39333
39323
39321
39313
39295
39294
39290
39279
39279
39266
39253
39250
39250
39246
39241
39204
39197
39168
39164
39153
39150
39147
39133
39125
39124
39118
39104
39102
39101
39093
39091
39090
39084
39082
39081
39079
39063
39029
39022
39022
39021
39020
39001
39001
38979
38973
38967
38950
38918
38893
38875
38872
38859
38844
38843
38832
38824
38819
38807
38777
38774
38772
38765
38764
38759
38752
38744
38739
38714
38698
38692
38688
38666
38660
38652
38632
38631
38628
38625
38577
38576
38575
38549
38548
38544
38534
38531
38521
38515
38506
38501
38471
38467
38465
38449
38440
38435
38425
38417
38393
38386
38384
38376
38369
38364
38363
38351
38348
38347
38346
38343
38338
38334
38332
38328
38315
38312
38297
38287
38286
38283
38280
38271
38251
38248
38243
38236
38235
38224
38211
38200
38199
38196
38186
38171
38170
38164
38155
38141
38137
38135
38135
38131
38118
38112
38107
38086
38084
38047
38038
38024
38024
38018
38012
38011
38006
37996
37993
37974
37971
37926
37923
37921
37921
37914
37871
37838
37825
37815
37812
37805
37799
37795
37793
37791
37764
37762
37760
37745
37732
37726
37717
37710
37708
37698
37694
37681
37656
37650
37647
37618
37596
37592
37592
37588
37584
37583
37580
37575
37572
37572
37560
37554
37546
37545
37539
37503
37502
37487
37472
37468
37450
37440
37435
37418
37415
37394
37374
37371
37336
37330
37325
37322
37319
37318
37307
37306
37300
37291
37285
37285
37282
37282
37278
37245
37235
37232
37214
37213
37185
37183
37167
37167
37166
37136
37129
37119
37099
37074
37062
37007
37004
36986
36970
36965
36952
36951
36913
36897
36894
36886
36863
36856
36849
36838
36838
36831
36817
36807
36803
36798
36795
36791
36779
36776
36764
36751
36739
36738
36731
36714
36682
36678
36673
36671
36655
36621
36596
36592
36579
36563
36560
36535
36535
36525
36498
36495
36485
36482
36476
36465
36454
36450
36442
36427
36421
36420
36403
36400
36395
36387
36375
36365
36355
36355
36323
36309
36302
36301
36267
36253
36236
36235
36232
36231
36213
36202
36176
36151
36142
36103
36102
36083
36072
36043
36032
36024
36021
36004
35990
35984
35977
35975
35972
35965
35951
35949
35925
35884
35875
35836
35820
35804
35793
35769
35767
35766
35766
35757
35753
35753
35746
35743
35741
35718
35685
35676
35675
35660
35658
35657
35635
35630
35619
35576
35575
35572
35568
35561
35560
35553
35544
35528
35525
35512
35511
35493
35481
35476
35476
35475
35468
35465
35447
35446
35427
35425
35425
35409
35383
35379
35371
35364
35363
35353
35352
35349
35339
35336
35334
35330
35315
35311
35296
35294
35266
35226
35206
35176
35157
35148
35147
35118
35117
35104
35101
35016
35000
34992
34991
34980
34972
34972
34961
34961
34956
34948
34917
34911
34905
34884
34856
34838
34826
34814
34809
34809
34797
34753
34742
34733
34728
34727
34717
34708
34687
34671
34668
34659
34657
34634
34632
34631
34617
34615
34613
34606
34600
34596
34592
34586
34581
34564
34557
34547
34539
34534
34532
34532
34531
34519
34510
34505
34501
34492
34489
34453
34400
34397
34382
34345
34334
34314
34309
34307
34306
34296
34289
34287
34264
34254
34244
34225
34220
34215
34199
34199
34197
34185
34163
34123
34123
34104
34102
34091
34085
34072
34070
34060
34058
34058
34047
34032
34020
34014
33999
33989
33977
33977
33977
33937
33933
33928
33926
33925
33917
33914
33895
33893
33891
33890
33872
33870
33867
33863
33863
33821
33796
33792
33790
33787
33780
33778
33773
33766
33751
33743
33707
33706
33703
33671
33658
33653
33651
33635
33615
33599
33573
33563
33559
33552
33506
33437
33434
33415
33412
33408
33390
33389
33381
33367
33345
33332
33328
33321
33300
33286
33281
33246
33240
33234
33222
33212
33209
33197
33197
33196
33186
33183
33171
33157
33147
33144
33124
33092
33082
33080
33073
33068
33068
33064
33058
33022
33017
33015
33008
32994
32967
32945
32944
32940
32939
32896
32865
32825
32822
32809
32807
32800
32800
32798
32791
32786
32776
32748
32718
32709
32703
32692
32685
32655
32625
32600
32600
32588
32581
32579
32577
32547
32543
32542
32520
32474
32450
32449
32448
32445
32419
32401
32395
32393
32370
32363
32349
32338
32326
32322
32317
32308
32307
32304
32295
32284
32269
32239
32199
32163
32160
32157
32152
32151
32130
32126
32125
32104
32100
32099
32098
32085
32070
32056
32028
32026
32024
32015
32003
31999
31993
31989
31973
31969
31968
31946
31941
31933
31918
31918
31899
31882
31878
31865
31861
31851
31797
31781
31758
31731
31727
31719
31696
31691
31686
31682
31673
31672
31670
31654
31653
31620
31589
31588
31586
31575
31570
31558
31550
31539
31538
31537
31530
31519
31507
31490
31488
31482
31474
31459
31458
31401
31400
31396
31395
31351
31331
31317
31314
31312
31299
31275
31267
31247
31234
31233
31229
31223
31211
31204
31195
31191
31190
31162
31150
31150
31102
31094
31073
31059
31055
31054
31048
31032
31000
30975
30973
30950
30945
30928
30910
30905
30889
30886
30877
30829
30825
30822
30821
30804
30774
30760
30759
30753
30752
30751
30747
30743
30739
30730
30726
30725
30712
30702
30686
30676
30676
30675
30650
30643
30636
30598
30583
30576
30575
30545
30540
30524
30515
30515
30513
30507
30506
30479
30466
30465
30446
30443
30409
30401
30384
30381
30374
30360
30360
30356
30328
30327
30310
30294
30286
30284
30280
30275
30263
30253
30248
30246
30229
30208
30207
30194
30169
30155
30154
30143
30123
30122
30100
30083
30082
30067
30057
30055
30047
30037
30027
30006
29991
29977
29961
29957
29955
29924
29907
29903
29888
29886
29871
29865
29858
29853
29844
29820
29812
29802
29785
29783
29779
29774
29773
29744
29740
29728
29719
29708
29708
29707
29696
29679
29674
29670
29654
29646
29629
29617
29615
29608
29564
29543
29538
29530
29527
29523
29513
29508
29495
29478
29446
29444
29440
29419
29414
29412
29399
29325
29324
29316
29301
29287
29284
29273
29267
29249
29246
29244
29242
29229
29209
29204
29204
29190
29183
29166
29156
29142
29137
29117
29107
29106
29105
29096
29089
29089
29082
29079
29079
29065
29064
29055
29035
29033
29031
29018
29007
29006
28980
28977
28970
28954
28951
28947
28944
28944
28943
28936
28915
28905
28901
28896
28881
28871
28869
28854
28843
28824
28811
28762
28748
28745
28742
28740
28710
28696
28690
28677
28666
28652
28652
28623
28621
28615
28612
28611
28605
28605
28597
28582
28576
28539
28524
28521
28518
28516
28481
28475
28468
28438
28425
28392
28389
28372
28367
28365
28365
28351
28345
28326
28322
28318
28298
28270
28265
28251
28227
28221
28219
28200
28200
28183
28182
28173
28141
28141
28102
28101
28092
28088
28060
28053
28053
28053
28049
28041
28038
28028
28026
28019
28008
28005
28005
27999
27988
27986
27977
27972
27960
27960
27960
27952
27951
27949
27929
27927
27921
27911
27905
27897
27897
27887
27881
27879
27873
27861
27854
27847
27844
27842
27815
27809
27784
27759
27759
27750
27749
27732
27729
27722
27718
27688
27685
27682
27676
27665
27655
27648
27642
27642
27635
27629
27610
27603
27590
27586
27582
27516
27494
27478
27456
27446
27436
27436
27426
27420
27406
27403
27386
27362
27339
27337
27301
27290
27256
27237
27232
27231
27221
27208
27205
27189
27186
27179
27173
27173
27144
27144
27140
27117
27114
27113
27111
27088
27087
27087
27065
27052
27024
27013
27010
27005
27002
26990
26986
26936
26929
26918
26914
26901
26889
26883
26870
26867
26863
26863
26857
26853
26840
26838
26831
26819
26818
26810
26798
26789
26782
26781
26776
26771
26767
26753
26752
26750
26747
26737
26734
26728
26715
26713
26712
26707
26683
26675
26672
26661
26661
26647
26608
26600
26598
26591
26580
26567
26558
26536
26501
26489
26469
26456
26454
26452
26405
26402
26364
26356
26352
26315
26314
26313
26301
26248
26246
26241
26230
26221
26218
26215
26198
26196
26190
26163
26161
26146
26115
26107
26103
26098
26085
26080
26077
26074
26065
26058
26055
26045
26028
26027
26006
26005
25998
25994
25991
25986
25972
25971
25968
25965
25958
25933
25919
25918
25914
25911
25901
25891
25889
25887
25880
25862
25856
25846
25831
25827
25826
25825
25822
25801
25799
25786
25777
25776
25765
25755
25752
25748
25735
25723
25718
25715
25714
25699
25692
25683
25673
25669
25658
25637
25629
25623
25622
25619
25604
25592
25590
25570
25537
25522
25498
25497
25496
25488
25478
25426
25416
25401
25357
25353
25343
25335
25334
25333
25302
25295
25278
25277
25273
25253
25228
25226
25206
25206
25179
25176
25173
25167
25166
25165
25144
25141
25140
25118
25110
25073
25071
25069
25061
25056
25054
25050
25042
25034
24998
24986
24983
24968
24953
24945
24942
24934
24931
24927
24893
24888
24884
24882
24881
24873
24862
24831
24830
24824
24821
24812
24807
24795
24776
24752
24745
24744
24721
24720
24718
24717
24700
24694
24683
24678
24673
24671
24666
24636
24624
24620
24606
24604
24602
24564
24558
24541
24539
24536
24535
24522
24521
24519
24516
24516
24513
24508
24503
24501
24477
24448
24426
24419
24402
24401
24389
24389
24373
24358
24335
24322
24310
24301
24261
24259
24246
24241
24234
24211
24194
24192
24174
24170
24158
24147
24127
24118
24094
24092
24080
24075
24074
24057
24046
24041
24032
24026
24023
24018
24007
24004
23999
23991
23987
23979
23977
23974
23968
23890
23889
23864
23861
23831
23804
23797
23786
23782
23779
23761
23754
23734
23728
23726
23725
23703
23693
23691
23682
23672
23667
23665
23646
23643
23609
23583
23572
23561
23551
23549
23534
23515
23510
23481
23474
23474
23466
23465
23447
23444
23433
23414
23409
23402
23399
23393
23388
23372
23372
23361
23339
23311
23301
23276
23268
23268
23267
23257
23245
23233
23222
23204
23203
23196
23185
23176
23174
23167
23164
23148
23142
23116
23108
23089
23079
23076
23064
23058
23058
23051
23045
23038
23016
23009
23005
22985
22976
22964
22961
22934
22922
22907
22879
22870
22859
22846
22825
22808
22806
22792
22785
22772
22749
22747
22739
22714
22684
22680
22677
22676
22660
22657
22624
22611
22605
22577
22555
22537
22507
22506
22489
22475
22466
22440
22434
22425
22420
22381
22368
22367
22363
22343
22333
22332
22324
22309
22306
22290
22277
22268
22262
22259
22256
22255
22231
22230
22221
22220
22214
22210
22206
22202
22184
22181
22180
22180
22179
22168
22155
22145
22145
22107
22085
22072
22044
22039
22025
22003
21999
21988
21986
21985
21975
21959
21941
21933
21932
21931
21920
21919
21894
21894
21873
21865
21863
21832
21830
21830
21828
21825
21822
21821
21815
21811
21801
21796
21795
21758
21755
21752
21741
21732
21723
21717
21716
21710
21705
21690
21684
21679
21676
21666
21665
21631
21611
21606
21606
21582
21579
21547
21546
21543
21533
21532
21530
21527
21522
21517
21500
21499
21487
21481
21480
21463
21430
21412
21378
21365
21352
21331
21308
21301
21288
21265
21257
21255
21250
21246
21231
21226
21221
21217
21167
21165
21145
21140
21114
21113
21111
21101
21100
21097
21089
21087
21061
21056
21051
21016
20994
20986
20986
20977
20975
20973
20966
20959
20955
20953
20950
20923
20918
20917
20906
20899
20873
20864
20863
20856
20810
20781
20779
20772
20770
20767
20754
20744
20720
20714
20711
20699
20698
20691
20682
20670
20652
20652
20600
20599
20593
20586
20581
20574
20569
20551
20548
20525
20514
20509
20506
20497
20496
20494
20493
20493
20488
20481
20477
20453
20442
20440
20425
20419
20419
20413
20398
20375
20371
20366
20361
20356
20344
20337
20335
20323
20303
20301
20280
20258
20239
20233
20231
20228
20220
20211
20202
20181
20177
20158
20155
20154
20151
20148
20139
20129
20127
20125
20114
20113
20110
20110
20102
20096
20075
20062
20050
20049
20043
20038
20029
20029
19990
19977
19965
19956
19946
19931
19917
19913
19911
19910
19909
19908
19904
19899
19893
19886
19880
19872
19836
19826
19818
19816
19810
19804
19803
19775
19757
19749
19701
19697
19690
19670
19669
19641
19631
19622
19613
19601
19599
19585
19583
19569
19557
19547
19527
19526
19525
19505
19492
19474
19462
19433
19426
19423
19422
19420
19416
19411
19407
19397
19380
19375
19373
19357
19347
19336
19322
19320
19307
19304
19301
19301
19294
19290
19264
19261
19250
19236
19235
19234
19233
19225
19182
19163
19155
19147
19144
19138
19138
19127
19121
19116
19112
19085
19082
19075
19068
19049
19039
19029
19028
19009
19007
19006
18995
18992
18962
18960
18951
18937
18930
18922
18917
18916
18913
18910
18901
18896
18895
18893
18881
18878
18874
18870
18870
18855
18842
18842
18833
18833
18828
18827
18783
18763
18752
18746
18745
18737
18737
18728
18721
18710
18705
18692
18680
18676
18675
18669
18666
18606
18604
18604
18587
18584
18581
18576
18575
18571
18559
18549
18548
18516
18499
18494
18475
18474
18461
18456
18421
18407
18394
18383
18374
18358
18348
18335
18331
18323
18323
18310
18305
18292
18290
18284
18282
18269
18267
18252
18229
18203
18191
18191
18189
18182
18176
18167
18164
18146
18138
18129
18122
18120
18120
18113
18110
18084
18083
18044
18043
18043
18040
18026
18022
17999
17994
17991
17978
17970
17962
17955
17931
17923
17921
17918
17910
17900
17884
17854
17850
17847
17834
17817
17814
17810
17809
17801
17782
17779
17729
17722
17719
17713
17701
17701
17690
17669
17652
17633
17621
17619
17613
17601
17598
17590
17587
17582
17530
17526
17510
17492
17491
17467
17459
17431
17427
17427
17417
17414
17413
17400
17397
17389
17358
17349
17349
17303
17301
17300
17296
17293
17286
17265
17252
17252
17245
17228
17214
17212
17197
17189
17158
17140
17135
17130
17126
17125
17123
17118
17113
17109
17103
17098
17096
17088
17079
17073
17071
17053
17052
17033
17021
17018
17013
17011
17011
17010
16999
16997
16987
16978
16977
16948
16945
16944
16931
16904
16900
16864
16863
16859
16859
16842
16837
16830
16817
16764
16760
16758
16724
16712
16701
16701
16689
16678
16668
16668
16654
16634
16631
16619
16615
16608
16593
16584
16581
16578
16556
16554
16550
16550
16544
16527
16525
16521
16520
16513
16507
16505
16499
16479
16468
16465
16443
16440
16421
16420
16417
16393
16392
16386
16379
16366
16362
16362
16351
16347
16334
16333
16332
16323
16321
16307
16302
16300
16299
16295
16293
16293
16279
16275
16273
16233
16224
16214
16187
16176
16134
16133
16094
16092
16088
16066
16057
16053
16047
16043
16037
16036
16036
16032
16031
16022
16021
15997
15984
15951
15944
15938
15924
15919
15913
15892
15876
15876
15859
15857
15857
15853
15850
15831
15823
15822
15816
15814
15811
15800
15800
15770
15760
15735
15730
15722
15711
15705
15694
15690
15689
15681
15668
15626
15611
15608
15601
15584
15582
15570
15570
15567
15563
15560
15540
15540
15528
15527
15523
15513
15509
15489
15461
15459
15456
15446
15445
15425
15424
15405
15403
15398
15396
15394
15378
15376
15372
15362
15359
15321
15319
15313
15308
15299
15299
15294
15282
15277
15272
15260
15245
15210
15203
15181
15177
15176
15166
15150
15146
15134
15133
15117
15116
15110
15104
15103
15093
15090
15082
15082
15065
15063
15047
15046
15042
15030
15023
15012
15008
14995
14992
14980
14973
14944
14935
14926
14925
14925
14919
14917
14915
14914
14905
14901
14879
14871
14861
14857
14836
14834
14818
14818
14817
14791
14788
14779
14778
14765
14764
14761
14757
14757
14750
14732
14720
14719
14710
14693
14688
14686
14681
14665
14659
14654
14651
14647
14643
14605
14602
14597
14593
14592
14591
14582
14561
14553
14534
14533
14526
14519
14509
14501
14492
14482
14480
14471
14435
14426
14424
14420
14408
14375
14350
14349
14341
14332
14326
14326
14322
14316
14305
14300
14289
14288
14281
14280
14253
14242
14241
14231
14215
14202
14192
14188
14186
14179
14155
14150
14140
14137
14123
14093
14047
14046
14044
14026
14025
14024
14023
14018
14014
14005
14002
13990
13976
13971
13963
13962
13961
13953
13950
13941
13937
13930
13910
13896
13889
13879
13861
13859
13856
13848
13844
13841
13840
13836
13821
13815
13812
13795
13778
13752
13738
13730
13728
13728
13718
13709
13697
13695
13690
13689
13685
13685
13683
13681
13654
13648
13638
13623
13588
13586
13579
13567
13567
13549
13536
13508
13479
13463
13435
13417
13394
13387
13381
13376
13375
13362
13343
13324
13302
13300
13261
13255
13250
13219
13215
13203
13203
13185
13184
13184
13176
13160
13151
13146
13142
13133
13121
13115
13113
13084
13070
13066
13064
13051
13030
13024
13018
13004
13002
12989
12985
12982
12976
12963
12960
12956
12949
12919
12913
12910
12898
12881
12875
12868
12868
12867
12845
12842
12836
12828
12825
12825
12814
12793
12790
12787
12772
12767
12753
12741
12736
12726
12715
12715
12709
12661
12655
12654
12644
12623
12622
12614
12601
12590
12570
12530
12520
12502
12500
12494
12474
12468
12464
12458
12457
12455
12443
12438
12434
12419
12418
12406
12404
12387
12386
12370
12366
12355
12344
12329
12328
12326
12317
12307
12306
12289
12286
12250
12223
12209
12196
12195
12193
12184
12183
12177
12175
12174
12158
12137
12088
12072
12069
12066
12063
12059
12058
12056
12034
12017
11996
11995
11993
11987
11980
11979
11973
11969
11957
11946
11942
11935
11934
11897
11874
11866
11863
11858
11855
11849
11838
11836
11832
11809
11790
11783
11769
11769
11767
11765
11748
11717
11710
11706
11696
11692
11682
11655
11637
11636
11629
11597
11590
11581
11577
11557
11555
11549
11528
11510
11506
11488
11478
11464
11458
11441
11428
11418
11405
11404
11396
11393
11382
11380
11377
11376
11365
11363
11363
11351
11333
11330
11316
11308
11292
11276
11264
11260
11241
11232
11199
11196
11188
11180
11174
11160
11156
11149
11143
11142
11138
11135
11130
11125
11120
11111
11104
11098
11090
11086
11076
11075
11070
11049
11033
11032
11030
11022
11020
11012
10987
10985
10976
10971
10970
10966
10959
10956
10946
10932
10926
10913
10890
10866
10842
10839
10833
10832
10801
10800
10786
10764
10749
10748
10739
10727
10717
10711
10705
10701
10625
10622
10621
10597
10592
10592
10588
10587
10544
10527
10504
10481
10477
10476
10472
10471
10462
10457
10453
10445
10443
10433
10430
10419
10416
10410
10402
10398
10377
10370
10366
10337
10311
10306
10289
10254
10230
10211
10196
10193
10190
10185
10183
10169
10165
10154
10148
10134
10111
10107
10103
10102
10093
10086
10081
10064
10059
10056
10052
10045
10037
10037
10029
10025
10017
10015
9984
9978
9972
9956
9949
9944
9942
9920
9901
9898
9882
9881
9873
9860
9852
9850
9849
9845
9832
9825
9814
9813
9810
9789
9784
9777
9770
9769
9766
9765
9762
9755
9743
9726
9709
9706
9692
9666
9648
9648
9638
9635
9618
9591
9588
9581
9576
9568
9566
9538
9514
9513
9508
9497
9493
9476
9470
9462
9455
9450
9427
9425
9405
9403
9403
9400
9395
9372
9368
9357
9352
9346
9344
9335
9322
9312
9305
9294
9276
9259
9255
9253
9239
9234
9218
9200
9190
9134
9121
9110
9100
9093
9092
9081
9079
9071
9063
9051
9037
9032
9032
9027
9026
9023
9023
9010
9005
8999
8996
8996
8996
8990
8983
8979
8976
8959
8952
8942
8908
8891
8886
8881
8880
8869
8859
8841
8836
8828
8827
8826
8799
8791
8788
8780
8774
8764
8760
8756
8737
8735
8723
8718
8698
8678
8678
8669
8655
8646
8643
8625
8615
8611
8609
8597
8595
8562
8560
8559
8552
8550
8541
8539
8519
8518
8515
8487
8485
8475
8471
8454
8410
8395
8380
8375
8370
8354
8351
8350
8350
8349
8347
8340
8322
8306
8305
8292
8282
8264
8256
8255
8243
8238
8237
8231
8231
8228
8224
8221
8201
8199
8188
8174
8173
8168
8165
8162
8131
8117
8115
8108
8087
8076
8073
8058
8037
8023
8005
7998
7983
7980
7964
7951
7938
7920
7919
7916
7888
7884
7862
7856
7853
7853
7845
7844
7841
7841
7841
7806
7798
7774
7763
7751
7741
7732
7728
7727
7720
7719
7713
7709
7683
7681
7655
7653
7645
7622
7591
7577
7561
7556
7543
7540
7537
7533
7526
7516
7515
7508
7508
7481
7460
7458
7421
7414
7414
7393
7368
7360
7359
7321
7320
7281
7281
7272
7251
7234
7234
7229
7227
7226
7217
7216
7215
7200
7197
7193
7193
7171
7167
7165
7156
7142
7138
7132
7126
7125
7107
7103
7100
7094
7065
7063
7062
7062
7053
7043
7039
7035
7023
7023
7021
7012
6995
6991
6975
6962
6956
6948
6929
6911
6888
6886
6856
6849
6849
6846
6832
6826
6803
6799
6796
6793
6790
6778
6775
6745
6721
6712
6658
6632
6625
6617
6610
6609
6603
6595
6593
6572
6569
6569
6536
6506
6505
6488
6484
6476
6472
6465
6440
6428
6422
6414
6410
6395
6390
6382
6371
6362
6336
6333
6331
6325
6320
6293
6284
6267
6266
6202
6173
6170
6170
6166
6156
6151
6138
6109
6106
6103
6100
6091
6089
6086
6086
6082
6063
6053
6040
6031
6030
6029
6027
6017
6016
6013
6012
6003
5982
5972
5971
5962
5955
5944
5940
5938
5919
5911
5908
5904
5904
5900
5899
5897
5866
5864
5862
5853
5842
5816
5788
5786
5757
5756
5745
5736
5728
5724
5704
5704
5694
5687
5681
5666
5652
5649
5640
5619
5606
5600
5591
5589
5573
5573
5538
5531
5518
5516
5489
5465
5446
5436
5419
5416
5406
5401
5401
5397
5395
5390
5387
5386
5379
5316
5312
5268
5266
5264
5233
5232
5211
5211
5196
5196
5182
5180
5175
5112
5110
5107
5101
5100
5098
5092
5085
5076
5068
5064
5045
5044
5042
5020
5011
4995
4992
4974
4972
4956
4955
4938
4922
4906
4901
4892
4867
4861
4860
4846
4831
4831
4802
4796
4784
4766
4733
4722
4718
4694
4687
4674
4670
4656
4642
4633
4619
4594
4541
4527
4525
4514
4511
4507
4506
4436
4435
4425
4423
4420
4418
4410
4385
4383
4380
4380
4378
4367
4350
4328
4315
4313
4313
4310
4304
4301
4299
4299
4285
4277
4266
4259
4257
4236
4234
4233
4217
4197
4192
4180
4163
4158
4153
4141
4130
4125
4110
4097
4091
4079
4054
4054
4032
4027
4021
3995
3995
3987
3982
3974
3968
3961
3945
3930
3924
3915
3911
3898
3890
3859
3858
3842
3820
3816
3811
3808
3803
3800
3788
3782
3770
3767
3766
3755
3731
3728
3727
3701
3700
3697
3694
3692
3691
3689
3672
3669
3667
3656
3639
3627
3625
3611
3609
3607
3606
3605
3603
3591
3572
3540
3537
3532
3505
3495
3492
3489
3485
3451
3441
3440
3436
3415
3413
3390
3384
3378
3375
3348
3344
3336
3330
3329
3300
3298
3267
3218
3216
3160
3151
3129
3117
3115
3114
3109
3099
3098
3073
3070
3066
3044
3035
3033
3027
3001
2995
2946
2945
2931
2931
2911
2897
2890
2869
2830
2824
2810
2795
2765
2764
2754
2743
2741
2733
2711
2701
2689
2677
2666
2655
2640
2606
2604
2600
2596
2592
2590
2579
2578
2569
2564
2508
2487
2477
2450
2450
2437
2424
2417
2414
2399
2383
2377
2372
2371
2341
2335
2304
2275
2272
2266
2261
2258
2230
2204
2195
2184
2184
2180
2164
2163
2155
2153
2149
2143
2143
2139
2124
2123
2120
2090
2081
2081
2077
2064
2051
2038
2027
2002
1993
1990
1982
1982
1958
1951
1901
1889
1884
1873
1863
1861
1860
1859
1838
1838
1828
1812
1792
1787
1787
1783
1780
1768
1754
1736
1731
1720
1690
1685
1674
1667
1666
1653
1648
1642
1632
1620
1611
1586
1581
1579
1577
1573
1562
1554
1539
1522
1520
1514
1508
1498
1497
1490
1485
1470
1458
1450
1446
1443
1440
1419
1401
1381
1380
1373
1349
1344
1330
1325
1319
1317
1298
1294
1260
1255
1249
1240
1237
1228
1215
1215
1187
1180
1150
1149
1143
1126
1120
1119
1112
1105
1104
1096
1076
1074
1060
1053
1053
1044
1030
1028
982
978
976
970
937
934
933
928
920
919
914
913
901
900
892
869
868
853
843
831
829
822
818
809
786
776
757
739
733
725
720
712
708
702
665
655
654
646
634
634
632
626
617
604
599
582
572
543
535
512
507
506
488
466
455
447
444
442
437
435
420
385
383
369
368
365
364
362
358
358
341
339
336
330
259
242
230
230
227
217
204
195
187
140
138
124
101
96
80
74
72
56
50
49
44
31
26
26
24
24
18
16
1
